1	2	1	4	1	0	0	2	2	0	2	2	3	4	4	4
2	1	1	2	1	1	1	2	2	1	2	2	1	1	1	1
3	.	.	.	.	.	.	.	0	.	.	.	.	.	.	0
4	4	0	3	2	1	1	3	1	0	4	2	2	4	2	2
5	.	.	.	.	.	.	.	.	.	.	.	.	.	.	.
6	1	2	2	1	0	1	2	2	1	.	.	2	2	2	2
7	3	0	1	1	.	0	2	3	2	2	1	3	2	0	3
8	4	4	4	2	2	2	2	2	1	3	3	1	3	3	2
9	3	0	0	.	.	.	2	2	3	1	1	4	3	3	4
10	1	0	0	0	1	0	.	1	1	2	0	3	3	1	2
11	2	3	3	1	1	1	2	1	1	2	2	3	3	2	2
12	2	2	2	.	.	.	2	2	.	.	2	.	.	2	2
13	2	1	4	0	1	2	2	4	1	2	2	3	3	3	4
14	1	0	3	1	0	0	0	0	0	1	0	1	1	1	1
15	1	0	4	0	0	0	1	1	2	3	1	1	2	2	4
16	.	.	.	.	.	.	.	.	.	.	.	.	.	.	.
17	3	0	2	1	1	1	1	2	1	2	2	2	2	2	2
18	3	3	3	1	1	1	2	2	3	2	2	2	2	2	2
19	2	2	2	1	0	.	2	2	2	4	2	.	.	.	.
20	4	0	0	0	0	0	0	0	.	2	0	0	0	0	0
21	4	4	4	1	1	2	4	4	2	0	3	3	4	3	4
22	4	0	1	.	.	.	3	1	2	1	4	1	0	0	0
23	1	0	.	2	2	.	2	3	.	3	.	2	.	.	2
24	1	0	2	.	.	.	2	3	0	2	.	2	0	0	2
25	1	0	2	.	1	0	0	1	2	1	2	1	2	2	4
26	1	0	2	2	.	.	1	.	.	2	1	1	.	2	3
27	3	1	2	0	.	.	2	3	1	2	2	4	3	3	2
28	3	4	3	1	0	2	2	4	1	4	4	.	2	2	3
29	.	.	3	2	2	2	2	2	3	.	.	4	4	4	.
30	2	0	3	1	.	.	1	2	2	2	1	2	2	1	1
31	4	1	2	1	0	.	1	2	2	3	4	3	3	4	4
32	3	1	3	0	0	0	2	2	1	1	2	3	2	2	2
33	3	1	3	0	.	.	2	2	1	1	2	3	0	1	4
34	2	1	2	1	0	.	1	2	3	2	2	4	4	4	4
35	3	0	4	1	1	0	2	1	2	2	1	3	2	2	1
36	3	1	2	.	0	1	1	3	2	3	2	3	3	3	3
37	0	0	3	1	0	0	1	3	0	0	0	2	0	2	3
38	2	2	2	.	.	.	.	.	1	0	0	.	.	.	.
39	.	1	1	2	.	2	.	1	2	1	1	0	4	1	.
40	.	0	3	1	0	.	1	3	1	0	2	2	0	0	2
41	1	1	0	1	.	.	2	1	1	1	0	1	1	0	0
42	1	3	2	1	1	1	2	2	1	3	1	2	2	2	2
43	.	.	.	.	.	.	.	.	.	.	.	.	.	.	.
44	1	2	3	2	.	.	2	3	.	2	2	2	2	3	3
45	4	1	3	1	1	2	2	2	3	2	3	4	3	3	4
46	3	3	1	.	.	.	1	1	.	2	2	.	0	1	3
47	3	2	3	2	.	0	3	4	2	2	1	3	3	2	2
48	.	.	3	.	.	.	1	2	.	2	2	2	2	2	3
49	.	1	2	1	.	0	2	2	2	2	2	3	1	2	4
50	1	1	2	.	.	.	.	.	.	1	1	.	.	.	.
51	1	0	2	1	1	.	1	2	3	2	2	2	2	2	.
52	1	2	1	1	.	.	0	0	.	1	0	2	1	2	0
53	4	3	1	.	.	1	3	3	1	1	.	1	3	1	3
54	2	1	2	1	1	1	2	2	0	2	2	0	2	4	3
55	4	2	0	1	0	2	4	0	2	4	3	2	3	2	1
56	4	.	1	1	0	1	1	3	.	2	.	2	3	3	3
57	2	3	2	1	0	0	2	2	1	2	2	3	2	2	2
58	0	0	2	.	0	2	1	0	0	1	0	0	0	0	4
59	2	0	3	1	0	.	2	4	1	2	3	4	4	3	4
60	3	3	3	1	2	.	2	3	1	2	2	3	2	2	2
61	1	.	1	0	.	.	1	0	1	.	.	1	2	2	2
62	2	0	2	1	2	0	2	0	2	0	.	.	4	3	3
63	3	1	1	0	.	.	0	3	.	1	3	0	2	0	2
64	4	4	3	1	2	2	4	4	3	4	4	3	3	4	4
65	3	0	3	1	0	.	1	0	0	2	.	1	1	1	1
66	1	0	1	0	.	.	2	1	2	2	0	1	3	3	2
67	2	1	0	1	0	.	0	2	.	2	.	1	2	1	0
68	3	2	3	2	1	1	1	2	1	1	2	1	4	1	3
69	3	3	2	1	1	1	1	3	2	2	1	3	2	3	2
70	4	3	2	1	1	1	2	3	2	2	3	4	4	3	4
71	4	1	3	1	1	.	2	3	3	1	3	4	3	4	3
72	.	.	2	0	0	0	.	2	.	0	.	3	.	.	1
73	2	0	3	0	.	.	1	0	1	1	0	1	2	2	1
74	4	0	2	1	.	1	1	1	0	3	.	3	0	1	2
75	0	0	1	1	1	.	1	0	0	1	0	1	0	0	0
76	2	2	2	1	0	1	2	2	3	2	2	1	2	3	1
77	1	1	2	1	.	.	2	2	.	2	2	2	2	2	3
78	3	2	4	1	1	.	2	3	.	4	2	3	2	4	2
79	1	0	3	2	0	0	1	2	.	2	.	2	2	2	2
80	3	0	3	1	0	1	1	3	1	1	0	3	2	1	1
81	0	0	0	2	0	0	0	1	0	1	0	0	0	0	1
82	2	0	2	0	0	1	1	1	1	2	2	1	2	2	2
83	2	0	3	1	.	.	3	3	.	2	1	2	4	2	3
84	2	0	3	.	1	2	2	3	1	2	1	4	2	2	3
85	.	1	1	.	0	.	1	2	0	.	.	1	.	2	.
86	3	0	1	0	.	0	1	2	.	2	2	2	.	2	.
87	3	0	2	0	.	.	2	4	2	2	2	4	3	4	3
88	2	0	1	1	1	1	3	3	1	2	3	4	3	2	3
89	3	3	3	2	1	1	2	2	2	4	2	4	3	3	4
90	0	.	1	1	0	.	0	0	0	2	1	1	1	2	2
91	.	1	1	1	0	.	3	2	2	1	1	3	2	2	.
92	4	2	3	1	.	1	4	4	3	4	3	4	4	4	3
93	4	.	3	2	.	1	2	3	2	3	3	3	4	4	2
94	4	3	4	2	1	2	3	4	3	2	3	4	3	3	3
95	1	4	4	1	1	2	2	4	2	3	4	3	3	0	2
96	1	0	0	1	0	0	1	2	1	1	1	2	2	1	4
97	.	.	.	.	.	.	.	.	.	.	.	.	.	.	.
98	2	2	2	1	1	1	2	2	1	2	2	2	2	2	2
99	.	.	.	.	.	.	.	.	.	.	.	.	.	.	.
100	2	2	2	.	.	.	1	1	1	2	2	.	.	.	.
101	.	.	.	.	.	.	.	.	.	.	.	.	.	.	.
102	4	4	3	2	1	2	4	4	.	4	4	4	4	2	2
103	2	2	3	2	0	1	1	1	0	2	2	3	4	3	1
104	4	3	4	2	1	2	4	4	1	3	1	0	2	2	4
105	1	0	3	1	.	0	1	2	.	1	2	3	2	2	3
106	3	3	3	2	2	2	3	3	3	1	2	.	.	.	.
107	.	.	.	1	.	.	3	3	.	2	.	2	3	.	4
108	.	.	3	1	.	.	3	3	3	.	3	3	.	.	.
109	2	2	2	1	1	1	2	2	.	.	.	.	.	.	.
110	3	3	4	1	0	0	1	3	1	1	1	3	4	4	4
111	1	3	1	2	1	0	2	0	1	4	3	1	4	3	1
112	1	0	1	2	1	0	1	1	0	1	0	.	.	.	.
113	0	0	1	.	0	1	0	0	0	1	0	1	1	1	1
114	1	4	2	0	0	0	1	3	1	1	1	3	0	3	2
115	.	2	2	1	1	1	2	2	2	2	2	2	2	2	2
116	2	2	.	0	.	.	2	1	0	1	.	.	2	.	1
117	2	0	2	1	1	2	0	1	.	.	.	.	.	.	.
118	3	3	3	1	.	2	3	3	2	3	2	4	4	4	3
119	3	2	1	1	0	2	4	2	0	2	3	1	2	3	3
120	2	2	2	0	1	1	1	2	1	3	3	2	2	2	2
121	2	0	4	0	0	2	0	2	0	1	1	1	1	1	0
122	2	3	4	2	0	.	0	1	1	2	1	3	3	2	3
123	.	.	0	1	0	1	1	1	0	1	0	1	.	.	.
124	3	2	3	2	1	2	2	3	1	2	2	3	2	2	2
125	3	0	1	2	.	1	1	1	.	2	3	.	2	3	4
126	2	2	0	2	1	2	4	4	2	4	3	1	4	2	2
127	3	1	2	1	1	2	2	2	1	1	2	4	2	2	3
128	3	4	0	1	0	2	4	1	1	3	0	2	1	2	4
129	.	0	2	0	1	2	4	4	3	4	3	4	4	4	4
130	3	.	2	.	.	1	.	.	.	2	.	.	.	.	.
131	3	1	3	1	0	.	1	1	0	2	2	2	2	2	2
132	2	1	2	1	1	1	1	1	0	3	1	1	.	1	1
133	3	0	1	1	1	2	2	4	0	4	1	2	1	1	3
134	3	2	3	1	1	2	2	2	3	3	3	3	3	3	3
135	.	1	1	1	0	0	1	0	3	2	1	1	0	0	.
136	2	0	2	0	0	.	2	2	1	2	0	1	2	2	3
137	4	.	3	.	.	2	2	3	.	3	2	2	3	3	2
138	4	2	3	1	0	.	2	3	0	3	1	3	2	2	3
139	2	1	.	.	1	.	.	2	.	1	1	2	.	.	2
140	3	0	.	2	0	1	1	0	0	2	0	3	1	0	2
141	1	2	2	1	.	.	1	2	.	2	.	2	2	1	2
142	2	.	2	.	.	1	2	3	.	2	.	2	2	2	2
143	2	1	0	2	1	2	2	0	1	2	1	.	1	0	0
144	1	1	2	.	.	.	.	.	.	.	.	.	.	.	.
145	4	4	4	0	1	1	3	3	2	2	2	3	2	3	2
146	4	2	1	1	.	.	3	2	2	2	1	2	2	2	4
147	.	3	2	0	1	2	1	4	.	2	.	1	1	2	.
148	2	2	1	1	0	0	2	1	0	2	1	1	1	1	3
149	2	2	2	1	1	1	1	4	1	4	2	3	3	3	3
150	2	2	2	.	.	1	2	2	.	1	2	4	2	3	4
151	.	4	1	1	.	.	1	0	.	2	.	1	2	.	.
152	.	.	2	.	.	.	.	.	.	.	.	.	.	.	.
153	2	2	2	1	1	1	2	2	1	2	2	2	2	2	2
154	2	3	.	.	.	2	2	0	0	0	3	2	2	2	2
155	2	2	0	0	1	2	1	2	1	2	2	1	2	1	2
156	.	.	.	1	.	.	2	2	.	1	2	.	1	2	1
157	2	1	2	0	0	.	1	3	1	1	2	2	4	2	1
158	2	2	2	1	1	0	2	2	1	2	2	2	1	1	2
159	3	3	3	2	2	2	3	3	3	2	3	3	3	3	3
160	0	0	0	1	0	0	0	0	2	0	1	0	0	1	1
161	2	4	4	2	1	2	3	4	1	0	4	4	4	4	4
162	0	0	1	0	0	0	0	0	0	0	0	2	0	0	3
163	0	0	4	1	0	0	3	3	1	0	0	2	0	0	0
164	2	2	2	1	1	1	2	2	0	0	1	1	2	2	2
165	0	0	0	0	0	0	0	1	0	2	0	2	0	3	.
166	2	2	0	1	1	1	2	2	.	0	0	2	2	2	2
167	0	0	0	2	1	2	0	0	0	1	1	2	4	3	4
168	2	1	1	0	0	.	0	2	0	1	1	2	2	2	4
169	1	0	3	0	0	.	1	0	0	0	0	0	0	0	3
170	1	0	2	.	.	1	1	1	.	1	0	1	1	1	3
171	.	0	3	0	0	0	0	0	0	0	.	.	0	0	2
172	2	2	2	1	1	1	2	2	.	1	0	3	4	2	2
173	0	0	2	1	0	.	3	2	0	1	0	3	2	3	4
174	3	0	0	1	.	.	3	4	.	0	0	0	0	0	4
175	3	2	3	1	0	.	1	3	3	1	3	4	3	3	4
176	1	1	1	0	0	0	1	1	0	1	1	1	1	1	1
177	4	4	4	1	.	.	4	2	3	2	4	3	4	4	4
178	1	.	0	2	1	1	4	1	1	1	1	3	2	2	3
179	0	0	2	0	0	.	1	2	3	0	0	1	0	2	4
180	1	0	3	0	0	0	1	2	0	2	1	1	1	1	2
181	0	0	1	1	.	.	0	0	0	0	3	0	0	0	2
182	1	1	2	1	1	.	2	2	1	1	2	4	3	3	4
183	2	.	2	1	0	.	1	1	1	1	1	2	2	2	1
184	1	2	1	1	1	0	2	1	3	1	2	2	2	3	2
185	.	.	1	0	.	0	2	3	2	2	.	4	.	3	4
186	0	0	2	1	0	.	1	1	0	0	0	0	0	0	3
187	3	1	2	1	0	1	2	2	.	1	1	3	3	2	2
188	3	2	0	0	0	.	2	0	1	0	1	1	2	2	1
189	3	4	3	1	0	.	2	4	2	1	2	2	2	3	3
190	.	.	3	0	.	0	2	2	1	0	.	3	0	2	4
191	2	1	3	1	.	.	2	3	3	3	3	3	3	4	3
192	2	3	3	2	1	1	2	2	.	1	.	3	2	3	3
193	0	0	1	1	0	0	0	2	1	0	3	1	3	0	3
194	3	2	2	1	2	1	1	2	2	2	2	2	2	3	2
195	1	0	1	0	0	0	3	1	1	1	1	2	1	2	2
196	0	0	1	0	0	0	0	.	2	0	1	0	0	1	1
197	2	1	2	1	0	1	2	1	1	1	2	1	2	1	3
198	2	0	1	0	0	0	2	1	2	0	2	1	1	1	1
199	3	.	.	1	.	.	2	.	0	2	2	3	2	2	3
200	.	.	.	.	.	.	.	.	.	.	.	.	.	.	.
201	.	.	.	.	.	.	.	.	.	.	.	.	.	.	.
202	.	.	.	.	.	.	.	.	.	.	.	.	.	.	.
203	2	2	2	0	0	0	2	2	0	0	0	0	0	0	0
204	1	0	1	0	0	0	1	4	0	2	1	4	1	1	3
205	4	3	4	0	1	0	3	3	2	3	3	3	3	3	2
206	0	0	3	0	0	0	1	1	0	2	0	1	0	0	2
207	0	0	2	1	0	0	1	1	0	2	1	3	1	1	2
208	1	0	3	0	.	0	2	3	2	2	2	3	2	2	3
209	0	.	0	0	0	0	1	0	0	2	0	0	0	0	0
210	1	2	2	.	.	.	2	2	.	.	2	2	3	2	2
211	0	0	1	0	0	0	3	3	0	2	0	3	0	2	4
212	0	0	3	1	0	0	2	1	0	2	0	2	2	2	3
213	2	1	0	0	.	.	0	2	1	2	2	2	.	1	3
214	.	1	1	0	.	0	.	2	.	2	1	1	.	3	2
215	1	0	2	1	0	1	1	2	.	2	2	3	2	2	4
216	0	0	3	.	.	.	0	1	.	2	1	3	.	.	3
217	2	0	2	.	.	.	1	1	1	2	0	2	2	1	2
218	3	0	4	0	0	.	1	3	0	2	2	3	2	2	3
219	1	1	3	1	1	.	3	1	3	3	3	2	2	1	3
220	1	2	3	1	0	1	1	1	0	2	1	1	2	2	3
221	0	0	1	1	0	0	1	1	0	1	3	4	0	0	2
222	0	0	3	0	0	.	1	0	0	2	0	1	2	1	1
223	0	0	2	0	0	.	1	1	2	2	2	3	2	3	0
224	0	.	2	1	.	0	2	0	.	2	0	1	2	2	2
225	3	3	2	1	0	1	3	3	.	3	3	3	3	3	3
226	2	0	2	0	.	.	2	0	1	2	2	0	0	0	4
227	2	2	4	2	.	.	2	2	2	2	3	3	2	3	3
228	2	2	0	1	0	0	1	1	0	1	0	0	0	0	0
229	.	.	.	0	0	.	2	3	3	2	.	3	0	.	4
230	.	.	2	0	0	.	2	2	1	2	2	3	3	2	4
231	1	1	2	0	.	.	2	3	.	2	.	.	.	2	1
232	2	1	2	1	.	.	.	.	.	.	.	.	.	.	.
233	4	2	2	1	0	.	1	4	0	3	2	4	3	3	1
234	4	3	2	2	.	.	2	2	1	2	2	2	3	2	2
235	.	.	.	0	0	0	3	3	2	1	0	2	.	2	3
236	3	1	2	0	0	0	1	1	0	1	0	1	1	0	1
237	2	1	2	0	0	0	2	1	2	2	1	1	1	2	4
238	2	0	2	0	0	0	2	2	0	2	1	1	2	1	2
239	0	0	0	0	0	1	1	1	0	2	0	3	1	1	2
240	0	0	1	0	0	0	0	0	0	3	0	1	0	1	.
241	1	2	4	0	1	0	1	3	0	1	0	3	1	2	3
242	0	0	1	0	0	.	1	1	1	1	4	1	1	2	4
243	2	0	4	1	0	0	2	2	0	1	2	1	1	2	2
244	2	3	3	1	2	1	2	4	0	3	.	2	3	3	2
245	0	2	3	0	0	0	2	0	0	0	0	1	0	0	1
246	2	0	0	0	0	.	0	0	0	0	1	0	0	0	1
247	3	1	4	1	.	1	2	3	2	4	2	4	3	3	3
248	.	.	.	0	0	0	0	0	0	1	0	1	.	1	2
249	3	2	2	0	0	0	2	3	1	1	.	3	2	1	2
250	0	0	3	1	.	.	2	2	0	2	1	4	2	2	4
251	3	0	2	1	0	.	2	0	2	3	0	2	2	1	4
252	4	4	1	0	.	.	3	4	3	3	.	3	2	3	3
253	2	1	0	2	1	2	2	0	.	4	.	1	4	3	1
254	1	0	3	1	0	2	2	2	1	3	2	3	3	3	2
255	.	0	0	0	.	.	2	2	0	3	1	2	1	1	1
256	2	4	4	1	1	.	3	3	2	4	3	2	3	4	4
257	0	0	4	.	0	.	0	1	1	1	0	2	1	2	3
258	2	2	0	2	0	0	0	0	2	2	1	2	2	2	2
259	1	1	4	0	.	.	2	2	0	2	2	4	2	3	4
260	3	0	3	.	0	.	2	1	2	2	2	3	2	1	3
261	1	0	1	0	0	.	2	0	0	1	.	0	0	1	0
262	4	2	2	1	0	0	3	3	0	4	2	4	0	2	4
263	0	2	3	.	.	.	2	3	1	3	3	4	3	3	4
264	1	2	3	0	.	1	2	1	0	1	1	2	2	2	3
265	2	3	.	0	.	1	0	3	3	3	3	1	3	3	3
266	3	4	2	.	.	.	2	2	0	2	2	3	2	2	3
267	1	0	3	0	0	2	2	3	0	2	.	0	0	0	0
268	.	.	2	.	.	1	2	2	3	2	.	4	4	4	4
269	.	.	0	.	.	.	.	.	.	.	.	.	.	.	.
270	0	0	3	.	.	.	0	0	0	1	0	1	0	1	.
271	4	4	3	1	.	.	3	4	3	2	3	4	3	3	4
272	0	0	2	0	0	.	0	2	0	2	0	.	.	0	.
273	3	1	3	1	.	.	2	1	3	2	1	2	2	2	3
274	3	2	3	0	.	.	2	3	1	3	2	2	.	.	2
275	3	2	1	1	.	1	1	0	2	0	2	0	1	0	1
276	3	4	2	0	0	0	2	2	0	2	2	2	2	1	3
277	3	2	1	.	0	0	1	1	1	2	4	3	1	2	1
278	0	0	2	0	0	1	1	1	0	1	0	0	0	1	3
279	1	.	3	1	0	0	2	2	0	1	2	2	0	2	1
280	2	0	0	1	0	1	0	1	0	0	0	1	0	2	1
281	0	0	3	0	0	0	1	2	0	2	0	.	.	.	.
282	2	2	3	0	0	0	2	3	2	2	3	4	3	3	2
283	2	3	1	.	.	.	2	2	2	2	2	2	0	2	3
284	.	.	4	.	.	.	2	3	.	2	.	4	.	3	3
285	0	0	3	0	0	0	1	2	0	3	0	4	1	2	2
286	3	1	3	1	0	1	2	1	0	2	0	1	1	1	4
287	4	2	1	0	0	.	2	1	1	2	3	1	3	3	.
288	.	2	2	.	.	.	2	1	1	1	0	3	2	3	3
289	1	3	0	0	0	0	.	.	1	0	0	0	0	1	.
290	3	4	0	2	0	2	1	2	0	3	2	3	2	3	3
291	1	0	2	1	0	0	0	2	1	2	.	2	0	0	2
292	0	0	0	0	0	0	0	0	0	1	0	0	0	0	0
293	3	1	0	1	.	.	1	1	0	4	.	1	2	1	2
294	2	2	3	1	.	.	2	2	2	2	2	2	2	2	2
295	1	1	2	0	0	0	1	0	0	2	2	3	1	1	1
296	.	1	3	.	.	.	2	2	.	2	2	3	.	.	.
297	3	0	3	2	0	.	1	3	1	2	1	2	4	3	2
298	3	0	3	.	0	1	0	1	1	4	3	2	0	1	1
299	1	1	4	1	0	.	3	2	1	2	2	3	2	2	1
300	2	2	3	.	.	.	3	4	1	3	1	3	3	3	2
301	3	0	2	0	0	0	1	1	0	2	1	0	0	0	0
302	3	3	2	.	.	.	3	1	1	3	.	0	1	2	1
303	3	1	2	1	0	.	2	3	0	3	2	2	2	1	3
304	3	1	3	1	0	.	2	2	0	2	.	2	.	2	3
305	4	0	2	0	0	0	2	2	.	4	.	2	2	2	3
306	2	0	2	1	0	0	2	1	0	1	1	0	1	1	0
307	2	0	3	1	.	.	1	0	0	3	1	2	2	2	3
308	2	.	4	.	.	.	2	3	0	3	0	4	3	3	3
309	2	.	2	0	0	.	1	3	0	2	0	1	2	0	3
310	2	2	2	0	.	.	0	2	0	2	2	.	.	.	2
311	0	0	3	.	0	.	1	2	1	1	1	2	.	2	2
312	3	2	2	1	0	.	3	3	1	1	.	1	.	3	2
313	2	0	3	.	.	.	2	2	0	1	0	2	1	1	2
314	2	1	2	0	0	.	2	2	0	2	1	3	0	0	3
315	3	1	4	0	0	0	3	3	2	3	2	3	4	3	2
316	1	0	2	1	0	.	0	2	1	2	3	1	2	2	0
317	4	4	4	.	0	.	3	2	2	3	2	3	2	2	1
318	.	2	2	.	.	.	.	.	.	.	.	.	.	.	.
319	3	3	1	0	0	1	2	2	2	3	3	3	0	3	3
320	4	4	4	1	2	2	4	4	3	4	4	4	4	3	3
321	2	3	3	1	1	1	2	1	0	1	2	2	2	2	3
322	2	0	0	0	0	0	1	0	0	0	.	0	1	2	3
323	2	1	2	0	0	0	2	0	1	2	2	0	1	0	1
324	4	4	2	2	.	.	2	2	3	4	4	2	4	2	4
325	2	.	2	2	0	0	0	0	0	1	1	0	0	1	3
326	2	2	2	1	0	.	2	0	0	2	2	0	2	1	1
327	.	0	0	.	.	.	0	3	0	.	.	.	.	3	3
328	3	1	2	.	.	.	2	3	1	2	2	2	1	1	2
329	3	2	2	.	.	.	2	0	.	2	0	.	2	2	0
330	3	2	3	.	.	.	2	2	0	2	0	3	3	2	.
331	1	1	2	0	.	.	1	0	0	1	1	1	1	0	0
332	2	2	2	0	.	.	1	0	0	2	2	0	2	1	0
333	2	0	2	0	.	.	1	3	.	3	1	3	4	4	3
334	1	0	1	0	0	0	0	2	0	3	0	2	1	2	.
335	4	1	2	2	1	0	2	.	1	3	2	2	.	3	4
336	3	3	3	0	1	2	2	0	0	2	3	2	4	2	4
337	2	0	0	0	0	0	1	0	1	2	0	.	.	.	.
338	3	0	2	.	0	1	1	3	2	2	2	3	2	3	1
339	3	2	1	0	0	.	2	2	1	2	2	2	2	2	2
340	4	3	4	.	2	.	2	4	2	2	3	3	2	2	.
341	2	0	2	1	0	.	2	2	.	2	2	.	2	0	3
342	2	2	1	1	0	.	1	1	1	2	.	1	1	0	1
343	4	0	3	1	0	1	3	2	2	2	0	3	0	2	3
344	0	2	3	1	0	.	2	1	0	2	2	0	2	2	0
345	3	1	1	1	0	0	0	1	0	1	1	1	1	2	1
346	4	3	2	1	.	1	3	3	2	2	2	3	2	3	2
347	.	.	.	.	.	.	.	.	.	.	.	.	.	.	.
348	.	.	.	.	.	.	.	.	.	.	.	.	.	.	.
349	0	0	1	0	0	0	1	0	1	0	1	0	1	0	0
350	4	4	4	2	1	1	0	3	1	1	2	4	4	4	4
351	.	.	.	.	.	.	.	.	.	.	.	.	.	.	.
352	0	0	0	0	0	0	.	0	0	0	0	0	0	0	0
353	3	3	2	1	1	1	2	0	0	3	3	3	2	3	2
354	4	4	3	1	0	1	2	3	2	.	.	3	3	3	3
355	2	2	2	1	1	1	2	2	2	2	2	2	2	2	2
356	.	4	4	2	2	2	4	4	3	4	4	.	4	4	4
357	3	3	2	1	.	1	3	3	3	2	2	2	2	2	3
358	4	0	4	0	.	.	0	0	.	1	3	1	1	1	2
359	1	1	1	1	.	.	0	0	1	0	1	1	1	1	1
360	4	2	1	0	0	1	2	2	1	3	2	3	2	2	3
361	.	.	.	.	.	.	.	.	.	.	.	.	.	.	.
362	.	.	.	.	.	.	.	.	.	.	.	.	.	.	.
363	.	.	.	1	1	1	1	1	0	1	3	0	.	2	.
364	2	0	2	0	.	0	3	2	2	3	1	4	2	2	2
365	3	2	3	0	1	0	2	4	2	3	2	2	3	1	2
366	4	2	4	2	1	2	1	3	3	1	2	3	3	4	3
367	3	2	2	1	0	1	1	2	2	2	1	1	2	3	3
368	4	3	3	1	1	1	2	2	1	2	3	3	3	4	3
369	2	2	3	0	0	0	2	3	3	0	2	3	2	3	2
370	2	2	2	0	0	0	2	2	2	2	2	2	2	2	2
371	1	0	1	.	.	0	1	0	1	2	3	2	1	1	1
372	.	.	.	.	.	.	2	2	3	3	.	2	.	.	.
373	2	1	2	2	0	.	0	2	1	4	1	2	1	0	1
374	3	2	2	1	.	.	2	2	.	2	3	3	3	2	3
375	3	3	3	1	1	1	2	2	2	3	2	3	3	3	3
376	0	0	2	1	.	0	0	0	0	3	2	1	1	1	2
377	.	.	.	.	.	.	.	.	.	.	.	.	2	2	2
378	4	1	2	0	0	2	2	1	.	2	2	1	2	1	3
379	3	4	2	0	1	0	1	2	3	3	4	4	4	4	4
380	3	0	3	0	0	1	0	0	0	1	1	1	2	2	2
381	2	2	3	1	0	1	3	1	.	2	3	1	.	.	.
382	2	1	2	1	1	1	2	2	1	1	2	.	2	2	3
383	.	.	3	.	0	1	2	1	1	0	2	1	1	.	3
384	2	3	1	0	1	0	2	0	1	0	1	3	3	2	0
385	.	.	.	.	.	.	.	.	.	.	.	.	.	.	.
386	3	2	1	.	0	1	2	0	1	4	1	3	.	0	2
387	4	3	3	2	0	.	1	3	3	2	4	3	2	2	1
388	4	.	4	.	.	.	.	3	.	3	.	2	3	3	2
389	4	2	3	1	1	1	2	3	2	1	3	2	3	2	2
390	1	0	1	.	.	1	0	0	0	0	2	1	0	0	0
391	2	2	2	0	0	0	2	2	.	2	0	2	2	2	2
392	.	.	0	1	0	.	.	.	.	2	2	3	.	1	2
393	3	0	1	0	.	1	1	1	1	2	2	1	1	0	1
394	1	2	2	1	0	.	1	1	.	1	0	2	2	2	1
395	4	3	3	0	0	.	3	2	0	3	1	2	3	3	3
396	3	1	2	1	0	0	0	1	0	2	3	0	1	1	0
397	.	.	.	.	.	.	.	.	.	.	.	.	.	.	.
398	3	0	3	1	1	1	3	3	2	2	3	3	3	3	3
399	4	1	3	1	.	0	1	2	3	2	3	3	1	1	2
400	.	.	.	.	.	.	.	.	.	.	.	.	.	.	.
401	2	0	1	.	0	2	1	1	3	2	2	2	.	.	2
402	4	2	2	0	.	2	2	0	1	1	2	2	2	2	2
403	3	4	4	2	.	.	3	3	3	3	3	4	3	3	4
404	2	1	2	2	1	.	2	3	1	2	1	2	2	2	1
405	4	3	3	.	.	2	1	1	3	3	0	3	3	4	4
406	3	0	2	2	0	1	2	2	1	4	3	2	3	2	4
407	2	2	1	0	1	0	0	0	0	2	2	2	2	2	2
408	3	2	3	1	1	.	3	3	2	3	2	3	3	3	3
409	4	2	3	1	0	.	2	1	3	2	2	2	2	3	4
410	4	3	2	1	.	2	2	1	1	2	3	3	2	2	2
411	1	2	2	1	0	.	1	0	1	3	2	.	1	1	1
412	2	0	2	.	0	.	1	0	0	2	4	2	1	1	4
413	3	2	3	.	.	.	3	3	2	2	3	3	2	2	3
414	2	.	1	.	0	.	2	3	1	2	2	3	2	1	2
415	4	4	2	1	0	.	0	1	1	4	3	3	3	3	4
416	3	3	4	1	1	1	2	3	2	2	2	4	3	3	3
417	4	2	2	1	.	.	2	3	1	2	.	.	2	2	2
418	3	0	0	0	.	.	2	.	0	0	1	0	2	1	0
419	4	2	2	2	.	0	3	2	.	1	1	0	2	3	2
420	3	4	4	1	0	1	1	1	2	3	3	0	3	3	2
421	0	2	0	0	.	.	0	0	0	2	.	.	0	1	.
422	3	1	1	1	.	2	0	1	3	1	3	2	2	2	1
423	0	2	2	0	.	.	2	4	1	.	.	1	3	3	4
424	0	0	2	0	0	0	1	0	0	.	0	2	2	1	1
425	3	0	2	1	0	.	2	0	.	1	.	1	0	0	.
426	4	.	2	0	.	1	2	.	.	2	2	2	.	.	.
427	2	2	3	1	1	.	3	2	1	2	2	2	2	2	2
428	3	2	2	1	.	.	2	3	3	2	3	4	3	2	3
429	2	2	1	1	.	1	1	2	1	3	2	2	1	2	2
430	4	2	3	1	0	0	2	2	2	3	2	2	2	2	2
431	4	1	1	.	.	.	2	3	1	3	2	3	3	2	.
432	4	2	4	1	.	.	3	4	3	4	.	3	3	3	4
433	2	1	2	1	2	0	1	.	1	3	2	2	3	3	3
434	4	2	3	1	0	2	2	3	2	3	3	3	2	2	2
435	2	.	2	.	0	.	3	.	.	3	2	3	2	2	.
436	2	0	0	0	.	.	2	4	3	3	.	3	2	1	3
437	4	1	2	1	.	2	4	4	0	2	3	2	3	3	2
438	4	2	2	.	.	1	1	2	2	3	2	2	2	2	1
439	4	3	2	1	0	.	3	2	2	3	3	4	2	2	3
440	4	1	3	0	.	1	3	3	.	2	1	.	2	2	4
441	.	2	.	2	.	.	3	3	2	.	.	.	.	.	.
442	4	3	2	1	1	2	2	2	2	3	.	3	2	2	2
443	3	3	3	.	0	.	2	3	.	3	3	2	2	2	2
444	0	0	2	1	0	0	2	2	3	1	0	3	1	1	2
445	0	0	0	.	0	1	4	0	0	0	0	0	0	1	0
446	0	1	2	.	.	.	1	0	1	2	1	1	0	0	1
447	1	1	3	1	0	2	2	2	0	2	1	3	2	2	4
448	1	2	1	1	.	0	1	1	.	2	2	2	2	2	0
449	2	1	2	0	0	1	2	2	2	1	3	2	2	2	2
450	1	0	3	0	0	0	1	1	1	1	3	1	0	0	1
451	2	3	2	1	1	1	1	1	1	1	2	2	1	2	1
452	4	3	2	1	0	.	3	4	3	3	3	4	2	2	3
453	1	0	3	0	.	.	.	.	.	1	1	.	.	.	.
454	3	2	1	0	.	.	0	0	0	3	1	0	1	2	1
455	4	0	1	.	0	1	2	1	0	3	2	2	2	2	1
456	4	4	0	1	.	0	0	0	0	3	4	0	1	2	1
457	4	2	3	.	.	.	1	1	0	2	2	2	2	2	2
458	1	0	2	0	1	2	0	1	1	1	1	3	3	2	3
459	2	0	0	0	0	.	0	0	0	4	0	.	0	0	1
460	3	0	1	1	.	0	3	1	0	2	1	2	1	0	4
461	2	1	2	0	.	0	2	2	.	2	0	2	0	2	4
462	4	0	3	2	2	2	2	4	3	4	4	4	4	4	4
463	3	3	2	0	0	.	0	0	0	3	1	0	0	1	0
464	1	3	1	2	1	2	2	4	3	3	2	2	4	2	2
465	2	2	2	1	1	1	2	2	2	2	2	2	2	2	2
466	2	2	2	1	1	1	2	2	.	2	2	.	2	2	2
467	4	3	4	1	.	1	3	3	2	0	2	4	4	4	4
468	0	0	4	1	0	0	1	0	1	1	0	0	0	0	4
469	1	3	3	.	0	0	2	1	0	3	2	3	2	2	4
470	1	2	0	0	0	0	1	1	1	.	1	2	2	2	2
471	3	2	3	1	.	.	3	.	3	2	2	3	3	3	3
472	3	3	2	1	1	1	2	2	1	2	2	3	2	2	2
473	.	.	.	.	1	1	1	0	.	1	.	3	2	2	1
474	3	3	2	.	.	.	2	2	2	2	2	4	2	3	3
475	3	3	2	0	.	.	1	2	1	3	1	1	0	1	2
476	4	3	2	0	1	.	1	1	0	0	3	1	1	2	2
477	3	.	2	2	.	.	1	0	2	.	.	1	1	1	1
478	3	4	2	2	.	2	4	2	2	2	2	2	3	3	4
479	2	1	3	2	.	0	2	2	1	3	2	1	1	1	0
480	2	3	4	1	1	.	1	.	1	.	.	.	1	0	1
481	3	4	3	2	0	.	2	2	3	4	3	4	3	3	3
482	4	4	4	2	.	1	2	3	3	4	2	3	2	2	4
483	3	0	2	0	0	.	1	1	0	1	0	2	2	1	0
484	3	1	2	0	0	0	1	1	0	1	0	1	0	1	2
485	1	1	1	1	1	.	1	1	1	2	2	1	2	1	.
486	2	1	3	.	.	.	2	2	2	2	2	2	2	.	.
487	4	3	3	1	1	.	2	4	1	2	3	4	4	3	4
488	.	.	2	.	0	.	2	2	.	2	.	3	.	2	2
489	4	3	3	.	.	.	2	2	2	2	3	2	2	2	2
490	4	.	2	2	.	.	1	2	1	2	0	2	1	1	3
491	1	1	2	0	.	.	2	1	.	3	2	2	2	2	2
492	1	3	0	0	.	0	1	0	3	.	0	2	0	0	1
493	.	.	.	.	.	.	.	.	0	0	0	0	0	0	0
494	2	2	1	.	.	.	2	0	1	1	1	0	.	.	.
495	1	1	3	1	1	1	0	2	0	3	2	2	2	2	2
496	2	2	2	1	1	1	0	0	0	0	1	2	2	3	3
497	2	2	2	1	1	1	2	2	2	3	3	0	2	2	2
498	2	2	2	1	0	1	2	2	2	3	3	2	2	2	2
499	1	2	3	0	0	.	2	2	0	2	0	1	1	1	2
500	2	1	1	0	0	.	0	0	0	1	.	2	0	0	0
501	4	.	3	1	.	2	0	0	.	1	0	0	0	0	0
502	4	0	2	0	0	1	1	0	2	3	2	2	0	0	0
503	2	0	1	1	0	0	1	1	1	0	1	2	2	1	1
504	3	3	4	0	0	2	4	4	1	1	0	4	4	4	4
505	2	2	2	2	.	.	1	1	1	1	.	1	2	2	2
506	4	0	0	2	2	2	1	4	1	0	0	2	2	2	2
507	3	1	1	0	0	0	1	1	1	1	1	2	1	1	1
508	0	0	2	0	0	1	0	0	1	2	0	1	0	0	0
509	0	0	1	0	0	0	0	0	0	1	2	1	0	0	0
510	0	4	3	1	.	2	1	2	3	1	.	2	3	1	3
511	2	3	3	.	.	.	1	2	3	4	4	3	3	3	3
512	4	0	4	0	0	2	1	2	0	4	0	2	2	2	1
513	3	2	2	0	0	1	2	1	0	2	2	1	1	1	.
514	1	0	1	0	0	1	1	0	0	0	0	0	0	0	4
515	2	2	3	1	.	.	0	.	0	2	.	2	2	2	2
516	0	0	4	.	0	2	1	2	2	3	2	2	1	1	0
517	1	4	3	1	0	2	1	1	0	3	2	2	0	0	2
518	2	2	2	1	0	0	1	2	1	2	2	2	2	2	2
519	2	2	2	1	1	1	2	2	1	2	3	2	3	2	2
520	1	0	3	2	0	0	0	2	.	1	1	2	1	1	1
521	.	.	.	.	.	.	.	.	.	.	.	.	.	.	.
522	4	3	2	1	.	0	2	2	.	2	2	3	2	.	.
523	1	1	2	0	0	1	.	.	0	3	1	.	.	2	2
524	3	3	3	1	1	1	4	3	1	3	3	4	3	2	2
525	2	2	2	1	1	1	2	2	.	2	2	2	2	2	2
526	0	1	1	2	0	0	1	2	1	3	2	1	2	3	3
527	3	4	2	2	2	2	1	4	2	1	1	2	1	1	1
528	.	.	.	0	0	0	0	0	0	0	0	.	0	.	.
529	2	2	.	2	1	1	3	1	1	3	2	3	2	4	3
530	.	1	3	0	0	1	1	1	1	1	0	3	0	1	2
531	.	.	.	.	.	.	2	2	0	2	1	.	.	.	.
532	.	.	.	1	1	1	.	.	1	.	.	1	.	.	.
533	3	0	4	.	.	1	2	2	1	2	1	3	2	2	2
534	1	1	2	1	.	1	1	2	2	2	2	2	2	2	3
535	0	0	0	0	0	0	0	0	0	0	0	0	0	0	0
536	1	1	1	1	.	2	1	0	0	1	1	0	2	1	1
537	.	3	4	1	1	1	0	2	2	3	3	.	4	3	1
538	4	.	4	0	.	.	2	2	2	2	2	4	2	2	2
539	0	2	3	0	.	1	3	1	2	3	2	2	2	2	4
540	2	3	2	1	1	1	2	2	.	2	2	2	1	2	2
541	0	0	2	.	1	.	2	2	.	.	.	0	2	1	2
542	0	0	2	0	0	1	1	1	.	0	1	.	0	0	0
543	2	2	2	1	1	2	2	2	1	2	2	2	1	2	2
544	2	0	2	.	0	2	2	1	1	2	0	4	2	2	3
545	3	2	4	1	0	1	2	2	1	2	2	3	3	3	3
546	3	1	2	0	.	1	2	2	1	2	2	2	1	1	3
547	3	1	2	0	.	1	2	2	1	2	2	2	2	2	3
548	1	1	2	1	0	1	2	2	1	2	2	2	2	2	2
549	4	2	4	0	0	1	1	2	2	1	2	4	3	3	3
550	4	3	4	1	.	1	2	3	3	1	2	4	.	2	4
551	3	1	2	1	1	1	1	3	2	3	2	2	3	3	3
552	4	4	2	0	1	2	2	3	2	1	2	4	2	3	4
553	2	.	2	0	1	0	3	1	2	2	2	2	2	4	0
554	2	0	2	0	0	2	2	2	0	2	2	4	1	2	2
555	3	3	2	.	.	0	2	2	2	.	.	.	.	.	.
556	3	3	1	1	0	1	3	3	2	3	2	4	3	2	3
557	2	1	2	1	0	2	2	1	1	2	2	2	2	2	1
558	4	2	3	0	0	2	0	1	1	2	.	2	1	2	4
559	.	.	.	.	.	.	.	.	.	.	.	.	.	.	.
560	.	.	.	.	.	.	.	.	.	.	.	.	.	.	.
561	.	.	.	.	.	.	.	.	.	.	.	.	.	.	.
562	3	2	3	1	1	1	2	2	0	3	3	2	2	2	2
563	.	2	2	0	0	1	0	0	.	.	.	.	.	.	.
564	.	.	.	.	.	.	.	.	.	2	2	3	.	.	.
565	.	.	.	.	.	.	.	.	.	.	.	.	.	.	.
566	.	.	.	.	.	.	.	.	.	.	.	.	.	.	.
567	.	.	.	.	.	.	.	.	.	.	.	.	.	.	.
568	.	.	.	.	.	.	.	.	.	.	.	.	.	.	.
569	.	.	.	.	.	.	.	.	1	.	.	.	.	.	.
570	2	2	2	.	.	.	2	2	0	1	2	.	.	.	.
571	2	3	2	1	2	2	3	2	1	3	2	3	2	4	2
572	0	1	1	0	0	0	1	2	.	.	.	.	.	.	.
573	3	2	3	2	1	.	2	1	1	2	4	1	3	3	2
574	2	4	4	2	2	2	4	4	1	2	2	2	3	3	2
575	.	.	2	0	0	0	.	.	.	.	.	3	4	3	1
576	3	3	2	0	1	.	0	0	0	2	1	0	2	1	3
577	2	2	2	1	.	1	2	2	2	3	3	3	3	2	3
578	2	0	3	0	0	1	2	.	.	2	3	1	.	0	1
579	4	0	4	0	0	0	0	0	0	4	4	3	2	2	2
580	4	4	4	0	.	2	2	2	3	2	3	4	4	4	4
581	1	3	3	2	1	.	1	3	1	2	.	1	4	3	1
582	.	.	.	.	.	.	.	.	.	.	.	.	.	.	.
583	2	2	2	1	1	1	2	2	0	2	0	1	2	2	2
584	0	0	0	.	.	.	.	.	0	.	.	.	.	.	.
585	0	0	4	2	0	2	0	0	0	0	3	1	4	0	0
586	3	.	3	.	.	1	2	3	3	2	3	4	3	2	2
587	4	.	3	.	.	1	0	3	0	1	2	4	3	3	3
588	3	0	1	0	0	0	3	0	1	0	0	0	0	0	1
589	4	0	1	0	0	0	1	2	0	2	1	1	0	2	3
590	3	3	3	0	0	.	1	4	0	0	2	3	0	1	4
591	3	3	2	1	1	1	2	3	2	1	2	3	3	2	4
592	4	0	0	0	0	0	0	1	0	0	0	0	0	0	0
593	2	0	0	1	0	.	1	2	0	2	1	1	2	2	0
594	.	.	.	.	.	.	.	.	.	.	.	.	.	.	.
595	3	2	3	1	1	2	3	4	2	2	3	2	4	3	3
596	2	1	4	2	0	2	3	4	1	0	2	1	2	3	3
597	0	0	0	.	1	.	2	1	0	1	2	2	2	2	2
598	3	3	4	1	1	.	.	3	2	2	2	2	2	2	2
599	0	0	0	0	0	0	0	0	0	0	0	0	0	0	0
600	4	4	4	1	1	1	4	4	1	4	3	3	4	3	3
601	4	2	3	0	.	.	3	3	.	0	1	3	2	4	2
602	2	4	2	1	0	0	4	2	0	3	2	3	3	3	4
603	2	1	.	.	.	.	.	.	.	.	.	.	.	.	.
604	0	0	0	0	1	1	2	2	1	2	3	4	0	1	3
605	0	0	.	0	0	.	.	.	.	1	.	2	.	.	.
606	4	4	2	.	0	.	1	2	0	3	2	1	2	2	3
607	0	0	3	0	0	.	0	0	1	0	3	2	2	1	2
608	4	0	4	0	.	.	4	0	.	0	4	.	.	.	.
609	3	3	2	1	.	1	2	2	2	2	2	4	2	2	3
610	4	.	2	0	0	1	0	0	3	2	1	2	1	1	2
611	3	2	2	1	.	1	1	1	0	2	2	2	2	2	2
612	3	2	3	0	.	1	1	2	2	2	1	2	2	3	3
613	2	.	2	0	.	.	2	3	1	0	0	4	.	2	3
614	.	.	3	.	.	1	2	.	1	2	.	4	.	.	.
615	0	0	2	1	.	0	2	2	1	3	2	0	2	2	3
616	3	2	1	0	0	.	1	1	0	1	2	2	2	2	3
617	.	.	.	0	.	.	0	0	.	1	.	1	.	.	4
618	3	0	3	0	.	.	1	1	1	2	2	3	2	3	3
619	3	0	3	1	1	.	3	3	1	2	2	4	3	2	2
620	0	0	2	0	0	2	2	2	1	3	1	2	1	1	3
621	4	0	4	0	0	.	0	0	.	1	4	2	3	3	4
622	0	0	2	.	1	1	2	2	3	0	0	2	3	3	4
623	0	0	0	0	0	0	0	0	0	3	3	1	1	1	1
624	2	1	2	0	0	0	2	2	1	2	2	3	1	2	.
625	3	1	2	2	0	0	3	2	1	2	.	2	2	3	3
626	2	1	2	1	0	2	2	2	1	2	2	2	3	2	2
627	.	.	0	.	.	1	2	3	2	3	1	3	1	3	4
628	3	0	4	0	0	1	0	4	1	1	4	3	4	3	4
629	0	0	3	0	0	.	2	1	0	1	1	1	0	0	4
630	0	0	3	1	1	1	2	2	0	2	2	4	3	2	2
631	4	0	4	0	.	.	2	2	2	2	1	3	3	3	3
632	3	0	2	0	0	.	2	1	.	1	1	4	1	2	4
633	2	2	1	1	0	0	1	1	.	1	2	2	1	2	3
634	2	0	3	1	0	.	2	1	1	2	2	1	1	1	1
635	4	3	4	.	.	.	2	4	0	3	3	4	3	4	4
636	3	3	3	.	.	.	.	.	.	.	.	.	.	.	.
637	2	2	3	.	0	.	0	2	1	2	2	2	0	2	3
638	1	0	1	1	0	0	1	1	0	1	1	2	1	1	1
639	3	0	2	0	0	.	0	1	.	1	0	.	2	1	3
640	.	.	3	1	0	0	2	4	2	2	1	2	2	2	2
641	4	4	1	1	0	2	0	1	0	2	2	2	2	3	2
642	2	2	2	1	.	1	2	2	2	2	2	4	3	3	2
643	.	.	3	.	.	.	.	3	.	.	3	3	.	.	.
644	2	0	3	1	0	.	2	2	1	2	2	3	2	2	.
645	2	3	1	1	1	.	2	3	1	3	1	3	3	2	.
646	.	.	.	1	.	0	1	1	0	1	2	1	2	1	2
647	4	1	2	1	.	.	1	2	.	1	3	1	2	2	2
648	4	4	2	.	.	1	2	0	1	0	1	3	2	3	2
649	1	1	0	0	0	1	1	0	0	0	0	0	0	0	1
650	1	1	3	.	0	.	1	1	0	2	1	1	.	.	.
651	0	0	.	0	0	0	1	0	1	0	0	0	2	0	2
652	1	0	1	1	0	0	1	0	1	1	1	0	1	1	0
653	2	2	2	0	.	.	2	3	1	3	.	3	3	3	3
654	1	2	1	0	0	.	1	1	1	3	2	2	3	2	2
655	.	1	.	.	.	.	4	2	2	3	2	2	2	2	2
656	4	0	4	1	0	0	0	2	2	2	2	2	2	2	1
657	3	2	2	1	2	.	3	2	0	2	3	1	3	2	2
658	0	0	2	0	0	0	0	0	0	0	0	0	2	1	1
659	4	0	3	1	0	.	2	1	0	1	3	.	2	3	1
660	3	.	2	.	.	.	2	2	3	3	2	2	2	2	.
661	4	2	0	1	0	0	1	3	1	4	3	2	3	2	4
662	2	.	2	1	.	1	2	2	2	3	.	2	2	.	3
663	0	0	3	1	0	0	1	1	0	1	0	1	1	1	1
664	2	1	1	0	0	0	0	1	1	1	.	1	2	2	2
665	.	.	.	.	.	.	0	.	.	2	2	.	.	.	2
666	3	1	1	0	.	0	2	1	2	2	2	2	1	1	2
667	4	.	.	1	1	.	4	4	1	2	4	2	3	4	.
668	0	0	2	0	1	.	0	0	0	1	0	2	2	3	.
669	1	0	2	1	0	.	2	3	0	2	1	4	0	2	2
670	2	1	1	0	0	0	0	1	0	0	2	2	0	0	2
671	2	4	2	1	0	1	2	2	2	2	3	3	3	2	1
672	3	0	2	0	0	0	0	0	0	2	1	2	0	1	2
673	0	1	3	1	.	.	2	2	.	1	2	2	1	2	0
674	0	0	.	0	0	0	3	3	3	2	.	2	.	3	4
675	3	1	3	1	.	.	1	3	3	2	1	4	2	4	4
676	3	1	3	1	0	.	2	2	2	2	3	2	2	2	2
677	.	.	.	0	.	0	1	1	.	0	.	2	.	2	4
678	3	3	4	1	1	1	1	1	2	1	2	2	1	2	2
679	0	1	2	0	0	0	1	1	2	2	3	1	2	1	0
680	3	.	3	1	.	.	1	2	2	3	3	2	3	3	3
681	3	.	.	.	.	.	4	4	2	2	3	4	3	3	3
682	4	2	2	1	.	.	2	.	1	0	2	2	2	2	2
683	3	2	3	2	1	1	3	2	1	0	3	3	2	3	4
684	1	1	2	0	.	1	1	1	1	2	1	2	2	2	3
685	3	1	3	0	0	0	0	2	3	2	2	3	2	2	3
686	3	1	2	0	0	0	1	1	1	0	1	2	2	2	1
687	.	3	3	.	0	0	2	2	3	2	3	3	4	4	4
688	0	.	2	0	0	1	1	1	.	.	.	.	.	.	.
689	0	0	2	0	0	0	1	0	0	1	1	0	1	1	1
690	.	.	2	0	.	0	1	1	0	2	1	2	0	1	.
691	1	0	2	1	0	.	1	1	0	2	1	2	1	1	2
692	4	3	3	.	.	1	2	0	2	2	2	2	2	3	3
693	0	0	3	0	0	.	1	2	3	0	1	2	1	1	2
694	1	2	.	.	.	.	2	.	.	.	.	1	.	0	.
695	3	.	0	.	.	.	0	0	0	1	0	0	0	0	1
696	3	1	2	1	.	1	3	2	1	1	2	3	2	1	3
697	2	1	2	0	.	.	1	2	.	2	3	2	2	2	2
698	3	2	0	2	.	2	0	1	0	0	.	2	1	1	4
699	.	0	3	0	1	.	0	3	.	0	.	2	1	3	2
700	3	1	3	1	0	.	1	2	3	2	2	2	2	2	3
701	.	.	3	0	0	0	1	2	0	1	0	2	0	2	3
702	3	0	0	1	0	1	0	2	2	0	2	2	0	1	2
703	2	4	4	0	.	.	2	1	3	1	3	2	0	1	2
704	3	3	2	.	0	.	2	2	0	1	2	3	3	3	0
705	4	1	2	0	0	.	2	2	2	2	0	4	2	2	2
706	4	2	3	1	.	2	2	2	3	0	2	2	2	2	3
707	4	3	2	0	0	0	2	2	1	1	1	3	0	1	3
708	4	4	0	.	.	1	3	3	3	2	3	3	2	2	4
709	4	.	.	.	.	.	.	.	.	4	4	4	4	4	4
710	4	0	0	.	0	1	2	0	1	2	0	3	2	1	0
711	2	4	4	1	2	1	1	3	2	2	1	2	3	3	2
712	4	3	2	0	.	.	1	3	2	1	3	4	3	3	4
713	4	2	2	1	.	.	1	2	1	1	3	2	3	2	3
714	2	1	3	0	.	.	3	1	1	0	1	2	2	2	1
715	0	4	1	0	.	.	2	2	2	2	.	2	0	0	3
716	3	3	2	.	.	.	0	0	1	0	0	0	3	3	1
717	4	3	2	2	0	2	4	4	0	3	3	2	3	2	3
718	4	0	4	2	.	.	1	1	3	2	3	2	3	3	3
719	2	2	3	.	.	.	1	3	2	2	2	2	2	2	2
720	2	0	3	0	0	1	0	0	1	0	0	0	0	0	4
721	3	2	2	.	.	.	3	3	2	2	2	2	3	3	2
722	4	0	3	.	.	1	0	0	.	4	1	0	1	2	.
723	1	0	0	.	.	.	.	.	.	.	.	0	1	1	3
724	0	0	2	0	0	0	0	0	1	1	1	1	1	0	2
725	2	1	4	.	.	.	.	2	1	4	1	2	2	2	2
726	1	0	1	0	0	1	1	2	2	1	2	2	2	1	3
727	0	3	4	1	.	.	4	4	3	3	4	4	3	2	3
728	3	1	3	0	0	1	0	1	0	2	3	1	1	2	2
729	3	1	2	.	1	.	2	1	.	1	.	.	1	1	.
730	4	0	2	1	.	.	2	0	2	2	1	2	3	3	1
731	.	.	2	1	0	0	1	1	2	1	.	2	.	1	1
732	3	.	2	1	.	2	2	2	2	2	3	3	2	3	3
733	3	0	1	0	0	1	1	2	1	1	2	2	2	2	1
734	3	2	2	1	.	0	2	3	1	2	2	2	2	2	0
735	3	3	3	.	.	1	2	3	2	3	2	2	3	3	2
736	3	0	2	1	0	2	0	2	2	2	3	2	2	2	2
737	4	.	4	1	1	2	4	3	1	4	4	4	4	4	4
738	3	1	2	.	0	.	2	1	3	1	3	2	2	1	2
739	2	1	3	1	1	1	2	1	0	1	1	1	3	3	4
740	4	4	4	0	1	2	3	4	3	3	3	4	4	3	3
741	4	0	.	.	.	.	.	.	3	2	.	4	.	.	.
742	0	4	3	.	.	.	0	0	3	4	0	3	0	0	4
743	3	.	3	.	.	2	0	1	.	3	2	2	3	3	3
744	3	.	2	1	.	1	3	2	1	0	4	2	2	2	3
745	4	.	2	2	0	.	0	2	3	1	2	4	0	2	3
746	4	4	4	.	0	.	2	2	2	2	2	3	3	3	3
747	2	0	2	0	0	2	0	0	1	2	0	2	2	2	.
748	2	.	2	2	1	1	1	2	1	2	2	2	3	2	3
749	4	0	3	0	0	0	0	3	1	2	2	3	2	2	1
750	0	0	0	2	0	.	0	2	0	0	0	2	2	2	2
751	0	0	1	.	0	0	3	3	.	0	2	4	3	2	3
752	.	.	2	.	.	.	2	2	.	2	2	2	.	.	3
753	0	0	3	0	.	1	1	2	0	2	2	2	3	3	2
754	2	.	.	0	0	.	2	2	1	.	.	3	2	2	3
755	4	4	4	2	2	2	4	4	0	0	0	0	0	3	4
756	.	0	2	.	.	.	2	3	.	4	3	3	2	3	1
757	2	.	.	0	0	.	1	.	.	.	.	1	3	3	2
758	0	0	4	1	0	0	0	0	1	2	0	0	0	0	0
759	2	0	2	1	.	.	2	3	.	0	3	4	3	3	3
760	4	0	0	1	2	2	0	3	0	1	1	2	2	1	2
761	0	0	0	0	0	.	0	0	0	2	0	0	0	0	0
762	2	.	3	.	.	.	.	3	2	2	2	3	3	2	3
763	2	0	3	1	2	.	2	2	0	3	0	4	1	1	4
764	4	0	2	1	0	.	2	0	0	2	2	1	1	1	1
765	4	.	4	.	.	2	2	2	3	.	.	3	.	.	.
766	.	.	2	.	.	.	.	.	.	.	.	.	.	.	.
767	0	.	3	1	.	1	2	0	1	2	0	2	1	2	2
768	2	0	1	0	0	.	0	1	0	2	1	4	1	4	2
769	.	.	2	2	.	.	2	3	.	2	2	4	2	.	2
770	4	3	3	1	.	.	2	4	2	2	3	4	3	3	2
771	2	2	3	.	0	1	2	3	2	2	2	3	2	3	1
772	2	2	3	1	0	0	1	2	1	2	2	3	2	2	3
773	4	.	4	0	0	.	2	2	3	2	2	2	2	2	.
774	4	.	2	.	.	.	1	.	.	4	2	1	3	.	3
775	2	0	3	.	.	.	2	3	1	3	1	3	2	3	3
776	.	0	1	1	0	1	3	2	0	2	0	1	2	1	3
777	2	3	3	2	2	1	1	4	2	3	3	3	3	3	3
778	3	3	0	1	.	1	3	2	3	2	3	3	2	2	4
779	4	0	0	1	2	.	2	2	1	3	0	.	4	3	2
780	2	1	2	1	1	1	0	2	2	2	1	2	2	2	2
781	3	2	2	.	0	.	1	2	0	1	1	2	1	2	0
782	2	1	2	0	1	.	0	.	0	4	.	2	.	.	.
783	.	.	3	0	0	0	2	2	0	1	2	3	2	2	2
784	3	1	1	1	.	.	.	.	.	.	.	.	.	.	.
785	.	.	1	1	.	.	2	2	.	3	2	2	1	2	2
786	.	0	4	.	.	.	2	2	1	2	3	2	2	2	3
787	1	2	1	1	1	1	1	2	2	1	2	2	2	2	2
788	2	0	2	2	0	1	0	1	3	3	1	1	1	2	4
789	3	3	0	.	.	.	4	1	2	1	.	3	2	3	1
790	0	0	2	0	0	1	1	0	1	.	.	.	.	.	.
791	4	2	2	1	.	1	1	2	.	2	3	2	3	3	3
792	3	0	1	0	0	.	2	3	1	2	0	1	3	2	3
793	2	3	2	1	.	.	2	3	.	3	.	3	3	3	2
794	.	0	2	.	.	1	2	2	.	0	1	1	.	1	2
795	2	0	3	.	.	.	2	3	2	2	1	3	1	2	.
796	.	.	3	0	.	.	1	2	.	.	.	3	.	1	3
797	4	4	4	1	1	1	2	2	3	3	4	3	3	4	4
798	1	0	4	1	.	.	1	3	1	1	1	1	1	2	1
799	1	0	3	0	0	2	0	3	2	2	3	1	0	0	2
800	4	3	4	2	1	.	1	.	2	3	2	2	2	2	3
801	2	2	2	1	1	1	.	.	.	.	.	.	.	.	.
802	4	4	3	1	.	.	2	3	0	4	2	.	2	.	.
803	0	0	2	1	0	1	1	0	0	0	1	3	1	2	2
804	0	0	2	0	0	0	0	0	2	2	2	.	2	2	.
805	1	2	2	0	0	1	0	0	0	3	1	0	1	0	4
806	3	1	4	0	.	2	1	2	1	2	2	3	2	2	1
807	3	0	4	0	0	0	1	2	0	2	0	1	0	1	2
808	0	0	2	0	0	0	0	0	0	0	0	1	0	0	1
809	3	2	3	1	.	.	3	4	.	2	3	4	3	3	.
810	4	3	.	2	2	2	4	4	3	4	3	4	4	4	4
811	2	3	4	1	.	.	1	2	2	2	2	2	.	.	.
812	0	2	3	1	.	1	2	2	1	3	3	3	3	3	3
813	.	.	.	.	.	.	1	0	0	2	.	1	0	2	3
814	3	1	2	1	1	.	1	2	1	2	1	3	.	.	.
815	2	3	3	1	0	.	3	4	3	4	2	3	3	4	.
816	.	3	.	.	.	.	.	.	.	1	.	4	3	3	.
817	3	2	4	1	.	1	3	3	1	1	2	4	3	2	2
818	4	4	4	1	2	1	4	3	3	4	4	4	4	4	4
819	3	.	2	.	.	.	2	2	.	2	.	0	.	2	.
820	.	.	.	.	.	.	.	.	.	.	.	.	.	.	.
821	.	.	2	0	.	.	.	.	.	.	.	.	.	.	.
822	2	2	2	1	1	1	2	2	1	.	.	.	.	.	.
823	.	.	.	.	.	.	.	.	.	.	.	.	.	.	.
824	.	.	.	.	.	.	.	.	.	.	.	.	.	.	.
825	.	.	.	.	.	.	.	.	.	.	.	.	.	.	.
826	4	3	2	1	0	.	.	.	.	.	.	.	.	.	.
827	.	.	.	.	.	.	.	.	.	.	.	.	.	.	.
828	.	.	.	.	.	.	.	.	.	.	.	.	.	.	.
829	2	2	2	.	0	.	2	2	.	2	1	0	1	1	1
830	2	2	3	.	.	.	1	2	0	2	2	2	2	2	3
831	4	0	4	1	0	1	3	3	3	3	3	4	3	2	3
832	3	2	4	1	1	1	4	4	3	3	4	4	4	4	4
833	2	1	3	1	2	1	1	3	3	3	3	3	3	2	2
834	3	0	1	1	0	.	3	1	3	1	3	1	1	2	2
835	2	3	3	0	1	1	2	2	2	2	2	2	4	3	2
836	0	0	3	.	0	.	1	2	2	3	1	3	1	2	1
837	0	0	0	0	0	0	4	4	0	0	0	.	0	0	0
838	.	.	.	.	.	.	.	.	.	.	.	.	.	.	.
839	0	0	0	0	0	0	0	0	0	0	0	0	0	0	0
840	1	3	2	0	1	0	2	1	2	.	.	.	.	.	.
841	1	2	.	.	0	1	2	0	1	3	2	.	4	3	.
842	1	1	4	.	.	.	.	.	.	.	.	.	.	.	.
843	3	3	3	.	.	.	1	3	0	4	4	3	3	3	3
844	2	3	3	2	1	1	4	4	1	4	2	4	4	3	3
845	1	0	4	1	0	0	2	3	0	2	2	4	4	1	3
846	0	1	1	0	2	0	2	0	0	.	.	1	2	1	3
847	2	3	4	2	0	1	2	4	2	3	2	3	4	3	4
848	3	3	1	1	0	1	1	3	2	4	4	2	4	3	1
849	2	.	2	0	.	2	2	1	.	4	2	2	.	1	3
850	0	1	0	1	0	1	2	.	1	1	1	0	1	0	.
851	0	0	1	2	0	0	1	1	.	0	0	.	.	.	.
852	1	0	0	0	0	0	4	4	3	4	4	2	0	4	1
853	3	3	2	1	1	1	1	2	2	3	3	2	3	3	2
854	3	2	2	2	1	1	2	0	0	2	1	2	4	3	1
855	4	3	4	1	1	1	2	2	2	3	3	3	3	3	3
856	4	2	.	0	0	0	2	2	0	.	.	0	0	0	0
857	.	.	.	.	.	.	.	.	.	.	.	.	.	.	.
858	0	0	3	0	0	0	2	1	0	1	1	0	1	1	0
859	3	4	3	2	0	0	0	0	0	4	4	0	1	1	0
860	.	.	0	.	.	.	.	.	.	.	.	.	.	.	.
861	4	3	4	1	0	1	2	1	1	4	3	2	.	.	2
862	2	0	2	0	0	0	0	2	0	3	0	1	3	3	2
863	3	2	4	0	0	0	2	1	1	4	2	1	1	1	1
864	3	2	.	.	.	.	.	.	.	.	.	.	.	.	.
865	.	.	.	.	.	.	.	.	.	1	0	.	0	.	.
866	0	0	3	.	0	0	1	2	1	2	1	1	0	1	2
867	1	0	2	0	0	0	1	2	0	2	1	1	1	1	2
868	2	4	4	0	0	.	0	1	0	1	3	1	2	1	0
869	2	1	1	2	1	2	2	2	1	1	1	2	2	2	2
870	2	1	1	0	0	0	1	2	0	2	2	2	2	2	2
871	2	2	3	1	1	1	3	3	1	1	1	1	4	4	4
872	2	.	2	0	0	0	0	1	1	2	2	2	0	2	.
873	1	0	0	0	0	0	0	0	1	1	1	0	0	0	0
874	0	2	3	0	1	0	0	2	1	0	0	0	0	0	0
875	2	2	1	0	0	.	1	1	0	1	1	.	1	1	1
876	3	2	3	1	.	.	3	3	1	3	2	2	2	2	3
877	3	0	3	0	0	.	3	1	0	2	.	1	2	1	2
878	1	1	2	0	0	0	1	1	0	3	2	1	1	1	2
879	1	1	2	.	.	2	3	2	1	3	.	2	2	3	1
880	2	1	2	1	0	1	1	3	2	3	2	3	1	2	3
881	2	1	3	2	1	1	3	4	2	2	4	4	3	2	2
882	2	0	2	0	1	1	2	2	1	3	3	2	3	3	3
883	2	0	3	.	.	1	1	2	0	2	2	2	2	2	2
884	1	0	3	0	1	0	1	1	0	2	1	1	1	1	0
885	.	.	2	1	0	.	2	0	1	4	1	1	4	3	1
886	2	1	1	0	0	0	1	1	1	2	1	2	2	1	0
887	2	3	2	1	1	1	2	2	1	3	3	1	4	3	1
888	2	1	4	0	.	0	1	1	.	3	1	3	2	2	2
889	0	1	3	0	.	.	2	1	0	2	1	2	1	2	3
890	4	2	2	0	0	.	2	2	1	2	2	2	2	1	2
891	4	1	1	1	0	0	1	2	2	3	1	2	3	2	2
892	0	2	1	1	.	.	0	1	1	2	2	0	2	2	2
893	4	3	4	0	1	0	3	2	2	0	3	4	0	0	3
894	3	3	3	1	1	1	3	2	1	2	2	3	3	3	4
895	.	0	.	0	.	.	2	3	.	3	.	3	2	2	2
896	0	0	1	0	0	0	2	1	0	3	2	2	2	2	1
897	3	3	3	.	.	.	2	2	2	3	2	3	2	2	3
898	2	0	2	1	0	.	1	0	0	2	3	1	1	1	1
899	0	0	0	1	0	0	1	1	0	3	1	0	1	0	2
900	1	0	2	1	.	.	1	1	.	2	3	.	1	1	0
901	3	1	3	0	0	0	1	2	1	2	1	2	2	1	2
902	1	0	3	0	0	0	1	3	2	4	3	4	3	3	4
903	.	.	.	.	.	.	.	.	.	4	4	.	.	.	.
904	2	0	0	1	0	.	1	0	0	4	1	0	2	0	1
905	.	.	.	0	.	.	.	.	.	0	.	.	.	.	.
906	0	0	4	0	.	2	0	0	0	1	1	1	.	0	3
907	2	3	3	1	.	.	1	1	2	3	3	2	3	2	3
908	4	0	3	.	.	.	1	3	1	4	3	3	1	1	0
909	2	0	2	1	.	.	0	3	.	2	.	4	2	1	.
910	0	2	.	0	.	.	0	0	0	2	0	0	2	2	2
911	1	3	2	.	0	0	1	1	0	2	1	0	0	0	0
912	2	0	2	.	.	.	1	2	2	1	2	1	2	2	2
913	3	1	3	0	0	0	2	3	1	3	3	4	1	1	2
914	3	.	3	1	2	1	2	0	1	2	2	0	2	1	2
915	2	2	1	1	.	.	2	3	.	3	.	3	1	1	4
916	4	4	0	2	2	2	1	0	0	4	4	4	4	3	1
917	1	0	3	.	.	1	2	2	0	2	1	1	2	2	2
918	.	0	1	2	1	1	3	2	2	1	0	2	0	2	4
919	0	0	0	1	0	.	2	2	1	2	.	3	0	1	2
920	3	3	2	2	1	2	3	3	1	2	2	2	2	2	2
921	2	2	2	1	1	1	2	2	1	2	2	2	2	2	2
922	3	1	.	.	.	.	.	.	.	.	.	.	.	.	.
923	1	0	2	0	0	0	1	2	0	2	1	1	1	2	1
924	3	0	1	1	2	.	1	1	0	4	0	0	4	2	0
925	0	0	3	0	0	0	0	0	0	2	0	0	0	2	4
926	0	0	3	.	.	.	1	2	0	2	2	3	1	1	2
927	2	1	1	0	0	0	0	1	0	2	3	0	0	0	1
928	2	2	.	2	2	2	2	2	1	4	4	4	4	4	4
929	2	2	2	1	1	1	2	2	.	.	.	2	1	2	2
930	.	.	.	.	.	.	.	.	.	.	.	0	.	.	.
931	2	0	3	0	.	.	2	2	.	3	3	2	2	2	3
932	1	0	1	0	0	0	0	0	1	2	2	0	1	1	0
933	2	1	0	.	.	1	1	3	0	2	2	3	3	3	4
934	3	1	3	0	0	0	3	2	0	1	1	2	2	1	1
935	1	0	1	.	.	.	1	2	0	3	2	3	2	1	0
936	1	0	3	0	0	.	2	1	0	2	2	2	2	2	3
937	3	2	3	1	0	.	2	1	2	2	2	2	3	3	2
938	2	1	4	0	.	.	0	3	2	2	2	2	1	1	2
939	4	0	4	.	.	.	3	3	.	4	3	3	0	0	4
940	1	0	0	0	0	0	2	2	0	4	2	2	0	0	3
941	4	4	3	2	2	.	2	4	1	4	3	1	4	3	4
942	0	0	1	1	0	0	1	1	2	2	.	2	0	1	1
943	3	1	2	1	0	.	0	1	0	3	1	1	0	0	1
944	0	0	3	1	.	.	0	0	0	2	1	2	2	2	2
945	3	2	4	1	0	.	2	4	3	.	4	4	4	3	4
946	3	2	2	1	.	.	1	3	1	3	3	2	1	1	2
947	4	2	4	1	1	1	2	4	3	4	3	2	4	3	4
948	4	0	0	0	0	.	0	0	0	2	0	0	1	0	2
949	.	0	4	.	.	.	3	3	1	0	2	4	3	3	2
950	4	4	4	1	0	2	1	3	2	1	2	4	2	2	2
951	2	2	2	0	0	1	3	3	1	3	1	4	3	3	3
952	4	0	4	2	0	2	1	3	1	4	1	4	4	4	4
953	4	1	4	1	0	.	1	2	0	3	2	3	2	3	4
954	2	2	3	.	.	.	2	2	2	3	.	2	1	2	2
955	4	4	4	2	1	1	2	3	3	0	4	4	4	3	2
956	3	1	3	1	.	0	2	2	2	2	2	3	3	3	4
957	0	0	0	.	0	0	0	0	0	1	0	0	0	0	0
958	2	0	3	.	.	.	2	4	2	2	3	2	3	2	2
959	2	2	2	1	.	.	1	1	3	2	2	2	2	1	.
960	2	2	2	2	.	.	2	2	2	2	2	1	3	3	2
961	1	0	3	0	0	0	1	2	0	2	2	2	2	0	1
962	3	1	2	0	0	0	1	1	1	3	4	4	2	2	4
963	2	1	3	1	0	0	2	3	0	4	1	3	1	3	3
964	3	1	3	0	0	0	1	1	0	2	1	2	1	2	3
965	2	1	4	.	.	.	3	3	2	3	3	3	3	3	3
966	1	0	3	0	0	0	1	2	0	3	1	1	2	1	4
967	3	1	2	1	.	.	2	2	.	2	2	2	3	3	2
968	2	0	2	0	0	0	0	0	2	2	2	3	0	0	2
969	0	4	4	0	0	.	2	2	0	2	1	3	1	1	1
970	4	1	1	1	.	0	4	2	1	4	2	4	1	3	4
971	1	1	1	0	0	.	0	0	0	1	.	0	0	0	2
972	2	4	2	0	1	2	0	2	0	3	2	2	3	2	0
973	3	0	3	0	0	.	0	2	0	3	2	2	2	3	3
974	4	3	1	.	0	1	4	2	1	3	2	3	2	1	3
975	0	0	2	.	.	.	2	2	0	2	2	2	2	2	3
976	0	0	4	0	0	1	0	1	2	2	2	2	2	1	3
977	3	0	3	0	0	0	1	2	0	3	1	3	1	1	3
978	3	2	2	.	.	.	2	2	1	3	2	2	1	2	2
979	.	2	3	.	.	0	1	2	3	2	.	.	.	3	3
980	0	0	3	0	0	0	2	1	0	2	1	0	0	0	0
981	3	1	1	1	.	2	1	0	1	2	1	2	1	1	4
982	4	2	4	0	1	.	2	1	0	2	2	3	1	2	4
983	2	1	2	0	0	1	2	0	2	4	2	3	3	2	2
984	3	1	1	1	1	.	1	2	2	3	4	2	2	2	2
985	1	.	2	.	0	.	2	2	1	3	1	2	.	.	.
986	2	0	3	0	0	0	1	2	0	2	1	2	0	1	3
987	1	2	3	.	.	.	2	1	.	2	2	2	2	2	2
988	2	.	2	.	.	.	0	.	.	3	.	.	2	2	2
989	4	1	3	1	0	.	2	3	1	2	3	2	3	3	2
990	2	0	3	.	0	.	3	2	3	2	3	2	1	2	1
991	2	0	3	0	0	0	2	2	0	4	2	2	2	2	4
992	1	1	3	0	0	0	2	1	0	3	1	2	1	1	3
993	2	1	1	.	0	.	2	1	3	3	2	2	3	3	4
994	4	2	3	.	.	.	1	3	3	1	2	2	2	3	3
995	4	0	4	2	0	.	1	0	0	2	0	1	0	0	1
996	3	4	3	1	0	.	2	2	0	3	3	3	.	0	3
997	2	4	3	0	0	0	3	0	1	0	1	1	2	1	0
998	4	1	4	1	1	1	1	3	0	3	2	3	3	3	2
999	1	2	2	1	1	1	2	1	.	2	4	4	2	3	2
1000	2	.	3	2	0	.	1	1	3	2	1	1	2	2	.
1001	0	4	0	2	0	1	0	0	0	1	1	3	1	2	3
1002	2	1	3	2	.	.	1	3	3	3	2	1	3	3	2
1003	3	0	2	0	0	.	2	1	0	2	3	2	1	1	2
1004	4	0	3	0	0	0	2	1	0	2	2	2	2	2	4
1005	2	2	4	.	.	0	2	3	2	2	4	3	3	2	4
1006	3	2	3	0	1	0	2	2	1	4	.	2	3	2	3
1007	.	0	2	0	0	.	.	.	.	3	1	2	.	.	.
1008	3	3	3	2	1	1	.	.	3	3	4	4	4	3	3
1009	3	3	3	.	.	.	2	2	3	3	2	3	3	3	2
1010	0	0	2	0	0	0	0	1	0	3	1	3	3	2	1
1011	2	3	0	1	.	.	2	2	2	2	1	2	2	2	3
1012	0	0	3	1	0	0	2	2	0	3	0	1	1	1	.
1013	3	0	2	0	0	.	1	2	0	2	0	1	0	0	1
1014	2	0	3	0	0	1	3	2	0	3	1	4	2	2	2
1015	2	3	2	1	.	1	1	2	2	2	2	2	2	2	2
1016	.	0	3	.	.	.	0	2	.	2	.	.	.	.	0
1017	4	1	4	0	0	.	2	1	0	2	1	2	0	0	2
1018	4	3	3	1	1	0	2	3	.	3	3	4	3	3	4
1019	4	1	3	0	0	0	1	3	3	1	1	3	2	3	2
1020	3	3	3	1	.	.	1	2	0	3	4	3	3	3	2
1021	3	1	3	1	0	0	2	2	3	2	1	4	2	3	4
1022	1	0	4	0	0	.	1	0	0	3	0	0	0	0	0
1023	0	0	2	1	0	0	1	2	1	3	0	1	0	1	1
1024	2	2	4	1	.	.	4	4	2	3	3	3	3	4	3
1025	2	3	3	0	0	.	3	1	0	4	2	2	2	1	3
1026	1	0	3	.	0	.	2	2	0	3	.	3	.	.	2
1027	3	.	3	0	.	.	2	3	2	3	2	3	3	3	3
1028	1	0	0	1	0	0	3	2	0	3	1	2	1	1	2
1029	0	0	4	.	0	0	1	2	1	1	2	2	2	1	2
1030	2	2	1	1	1	0	3	4	0	2	2	1	1	1	4
1031	0	0	4	0	0	0	0	1	0	3	0	2	1	1	2
1032	2	3	0	.	0	.	3	0	0	3	0	2	2	2	0
1033	1	0	2	0	0	0	1	0	0	2	4	2	2	2	2
1034	4	3	4	.	.	.	1	3	0	4	3	3	3	4	3
1035	4	3	3	2	1	.	3	2	0	1	2	2	3	2	3
1036	3	0	3	1	0	0	0	1	0	2	1	2	0	1	3
1037	2	0	1	0	0	.	1	0	0	4	1	2	0	0	3
1038	3	2	4	.	.	1	4	2	3	3	3	3	3	2	4
1039	4	2	3	2	.	2	1	4	.	2	2	3	1	2	2
1040	3	4	2	2	.	1	0	4	1	3	3	2	4	3	2
1041	1	1	1	0	.	.	3	1	0	2	1	3	2	2	3
1042	4	0	2	1	0	1	2	2	1	2	2	2	2	2	4
1043	4	2	3	.	0	.	1	3	0	3	3	3	2	3	4
1044	.	.	.	1	0	0	0	0	1	0	1	3	4	3	2
1045	2	0	2	1	0	.	1	2	0	2	2	1	1	1	1
1046	.	0	.	2	0	1	4	0	0	0	0	0	1	1	.
1047	.	0	2	0	.	.	2	1	1	1	2	2	1	1	2
1048	2	1	2	1	.	2	1	3	3	2	3	3	2	3	3
1049	1	0	2	0	0	.	1	1	1	2	2	2	2	2	3
1050	3	0	3	.	.	2	0	1	1	1	2	2	2	2	3
1051	4	0	2	0	0	0	2	2	2	3	3	4	2	2	3
1052	2	0	1	0	0	0	0	1	1	1	2	0	0	0	1
1053	3	0	2	0	.	.	1	4	0	2	2	4	2	2	2
1054	2	2	2	1	.	.	2	3	2	2	2	2	2	2	.
1055	1	0	1	0	0	.	2	2	3	2	1	0	0	0	0
1056	4	3	3	2	.	.	2	1	3	4	2	4	3	2	4
1057	2	0	4	0	0	0	2	0	0	3	0	2	0	2	2
1058	3	1	4	1	0	.	2	2	2	3	2	4	3	3	3
1059	0	0	0	0	.	.	0	1	0	1	1	3	0	0	4
1060	2	1	4	1	0	0	2	1	2	4	3	1	3	2	2
1061	0	1	2	0	0	0	1	1	0	3	4	1	2	1	4
1062	3	3	4	1	1	0	2	3	0	3	2	4	3	3	2
1063	4	0	3	0	0	.	1	3	3	2	3	3	3	3	4
1064	.	4	2	1	2	.	.	3	.	4	4	4	.	4	4
1065	.	.	3	.	.	.	2	2	.	3	2	2	3	2	2
1066	4	2	3	1	0	0	1	3	2	2	1	2	3	2	3
1067	.	1	3	2	.	.	1	1	2	.	2	2	2	2	.
1068	2	0	2	0	0	0	1	0	0	2	0	2	0	0	1
1069	3	1	1	.	.	.	1	3	.	2	3	3	3	2	3
1070	4	1	3	2	0	.	0	2	2	1	2	1	2	3	3
1071	.	.	4	1	.	.	.	.	3	2	.	4	3	3	.
1072	1	0	3	2	2	2	4	3	2	2	4	2	4	3	2
1073	3	0	2	.	0	.	2	2	0	2	2	1	.	2	.
1074	3	1	4	1	.	.	2	3	1	2	1	2	2	1	2
1075	2	2	2	1	1	1	2	2	1	2	2	2	2	2	2
1076	3	0	3	0	0	0	2	2	2	2	2	3	1	2	2
1077	4	2	3	1	1	2	3	4	.	2	4	3	3	3	3
1078	1	3	4	0	.	0	2	4	1	4	1	4	4	4	4
1079	0	.	3	0	.	.	1	1	.	3	0	2	1	0	.
1080	3	0	2	2	.	.	0	1	1	2	3	1	2	1	3
1081	0	0	3	0	0	.	0	1	0	1	0	1	1	0	2
1082	2	0	3	.	0	1	2	4	3	1	3	2	1	2	3
1083	0	2	2	1	0	.	1	2	.	1	3	2	1	0	2
1084	1	0	2	0	0	.	0	0	0	2	2	2	0	1	2
1085	3	0	3	0	1	.	3	3	0	3	3	3	3	3	4
1086	1	0	3	.	.	0	1	2	0	2	2	2	2	3	2
1087	2	0	2	.	0	1	1	2	1	3	.	3	2	0	2
1088	3	0	3	0	0	0	0	0	2	2	0	1	2	0	0
1089	4	.	4	1	.	.	0	3	3	2	4	4	4	4	.
1090	0	0	2	0	0	.	2	1	0	1	1	2	0	1	.
1091	0	0	2	0	0	0	1	1	0	2	0	2	2	2	2
1092	4	3	3	1	.	.	1	2	1	3	2	2	2	2	2
1093	2	1	4	1	0	0	2	2	3	3	2	2	2	3	1
1094	4	3	2	1	.	.	1	2	3	4	4	2	3	3	3
1095	2	4	3	.	.	.	1	1	1	2	2	2	3	3	.
1096	1	0	2	1	0	1	1	1	1	3	2	2	2	2	1
1097	4	3	3	.	.	.	2	2	1	3	2	3	2	3	4
1098	4	2	4	2	.	.	2	3	2	3	2	3	3	2	3
1099	2	2	3	1	0	0	2	1	1	4	0	2	1	1	3
1100	4	0	4	2	.	.	4	4	2	4	.	4	4	3	.
1101	3	1	3	.	.	.	1	3	1	3	3	2	2	2	3
1102	2	2	.	1	1	1	2	2	.	3	2	2	2	2	.
1103	2	2	4	2	0	0	3	4	.	2	3	3	4	2	3
1104	0	0	1	.	0	.	0	1	1	3	1	1	1	1	2
1105	2	3	2	1	0	0	1	1	.	3	2	2	1	2	3
1106	.	.	2	0	0	.	2	2	.	2	.	3	4	4	4
1107	4	0	2	1	.	.	0	1	1	2	3	0	1	1	0
1108	.	0	2	0	.	.	2	2	0	4	.	2	1	2	3
1109	0	0	0	0	0	.	0	0	0	2	1	0	0	0	0
1110	3	1	3	0	0	0	1	3	.	3	4	.	3	3	3
1111	3	0	3	.	0	.	1	2	1	2	2	3	.	.	.
1112	4	0	4	.	.	.	2	2	3	3	2	2	2	2	2
1113	4	2	3	2	.	.	2	4	3	4	2	2	4	0	.
1114	3	.	2	1	.	.	2	.	1	3	.	2	2	1	2
1115	3	3	4	2	1	2	2	3	1	4	2	3	3	3	4
1116	0	0	0	1	0	0	2	2	0	3	2	1	0	2	2
1117	.	3	2	0	0	0	2	4	.	3	2	4	3	3	4
1118	1	0	1	0	.	.	0	2	0	1	2	1	0	1	4
1119	.	.	.	.	.	.	.	.	.	.	.	.	.	.	.
1120	2	0	4	1	0	0	2	2	2	2	2	2	2	1	2
1121	1	1	3	1	.	.	2	2	0	3	3	3	0	3	1
1122	0	0	2	2	0	0	1	2	1	2	0	2	2	2	2
1123	4	1	4	1	0	.	3	2	1	3	1	3	2	3	2
1124	4	1	2	1	.	.	1	2	1	3	2	4	.	3	4
1125	4	3	2	1	1	.	3	2	1	3	3	2	1	2	3
1126	1	0	4	.	.	.	0	0	0	1	1	0	1	1	2
1127	3	0	2	.	0	.	1	2	0	2	.	2	2	2	3
1128	4	2	4	0	.	.	2	2	.	2	1	2	3	2	3
1129	4	.	2	0	.	.	0	2	1	2	2	2	2	2	2
1130	3	0	2	1	.	.	1	2	1	2	2	2	1	1	1
1131	3	0	0	0	0	1	0	2	0	1	1	1	2	2	1
1132	4	0	3	1	.	0	1	3	1	2	.	2	2	1	1
1133	4	1	4	.	0	.	2	4	0	2	.	4	0	4	4
1134	2	2	0	.	0	.	3	3	2	2	1	3	2	2	2
1135	.	4	2	2	.	.	3	3	3	2	2	4	3	3	3
1136	4	2	2	2	1	1	2	3	1	2	2	2	2	2	2
1137	3	0	2	0	0	0	1	3	0	2	1	3	1	2	2
1138	0	0	2	0	0	0	2	1	1	1	2	2	1	1	1
1139	3	1	3	1	.	.	1	2	0	4	3	2	2	3	2
1140	.	0	3	1	.	1	2	3	2	2	3	2	3	.	2
1141	1	4	4	2	2	1	3	4	2	4	3	4	3	3	2
1142	0	1	3	1	1	.	0	3	2	3	1	3	4	4	3
1143	1	0	2	1	0	.	1	2	3	2	1	1	1	2	1
1144	2	1	3	1	0	.	1	1	1	3	2	1	0	0	3
1145	0	0	3	0	1	.	2	2	1	2	2	1	1	1	2
1146	2	1	4	.	.	.	1	3	2	3	2	4	3	2	3
1147	2	2	2	0	0	.	2	.	.	2	.	2	.	.	2
1148	2	.	3	.	0	1	1	2	1	3	2	1	3	3	.
1149	2	0	4	1	.	.	0	4	.	4	.	0	2	.	3
1150	2	0	2	0	0	.	1	0	0	0	1	0	1	0	0
1151	3	0	3	1	0	0	3	2	1	2	2	3	1	2	2
1152	.	0	3	.	.	.	2	1	1	2	0	1	0	0	1
1153	0	0	2	1	0	0	0	0	0	1	1	1	0	0	1
1154	1	1	2	2	.	.	4	2	2	3	.	4	2	2	4
1155	4	1	3	1	.	0	1	1	1	3	2	2	1	0	2
1156	3	0	2	.	.	.	2	2	1	2	3	3	2	2	2
1157	2	1	1	1	0	0	1	1	0	2	1	2	1	2	3
1158	.	0	2	1	0	.	0	3	1	1	.	1	2	1	2
1159	0	0	1	.	.	1	1	1	.	1	3	2	3	2	2
1160	2	0	2	0	0	0	1	1	1	2	3	2	2	2	3
1161	2	2	3	2	0	.	1	1	2	3	4	1	2	2	3
1162	3	0	1	1	0	.	0	1	3	2	1	1	1	0	1
1163	0	0	3	0	0	.	2	2	.	1	2	1	2	2	3
1164	1	1	2	1	.	.	2	1	0	2	1	2	2	2	2
1165	3	2	3	1	.	1	1	1	2	3	3	3	2	1	2
1166	4	0	4	0	.	.	1	1	.	3	3	3	3	3	3
1167	1	0	1	0	0	0	2	0	1	1	1	1	2	1	4
1168	1	.	3	0	0	.	0	2	1	2	4	2	3	1	1
1169	3	2	3	2	.	.	1	2	.	2	2	3	3	3	4
1170	3	1	4	2	1	.	2	2	2	2	3	2	1	2	3
1171	.	.	2	1	0	.	3	3	0	2	.	2	2	2	.
1172	4	0	4	0	0	.	1	3	0	2	0	2	2	.	0
1173	.	.	3	1	.	1	2	2	1	2	1	1	1	.	1
1174	3	3	1	1	.	.	2	2	.	1	2	3	2	2	3
1175	3	.	2	1	.	.	1	2	2	4	2	3	3	2	3
1176	3	3	1	0	.	2	1	2	2	2	1	1	2	1	1
1177	4	0	4	0	2	0	2	4	3	4	3	4	4	4	4
1178	1	2	2	1	.	.	1	1	1	2	1	2	1	1	1
1179	4	4	4	1	2	1	4	3	3	3	1	4	2	3	3
1180	3	1	4	1	0	.	2	1	1	2	3	2	3	2	3
1181	.	0	3	0	0	0	2	1	1	2	.	1	0	1	2
1182	4	0	2	0	0	0	1	3	1	3	2	1	1	0	2
1183	4	1	4	.	.	.	3	1	1	1	1	1	2	3	3
1184	3	4	4	.	1	2	4	4	3	4	3	4	4	4	4
1185	3	0	4	2	.	2	2	2	2	4	.	3	3	2	3
1186	4	0	4	2	.	.	2	2	3	4	2	3	3	3	4
1187	2	0	0	0	0	0	0	2	2	2	.	2	2	0	2
1188	.	2	.	.	.	.	.	.	1	.	.	.	.	.	.
1189	0	0	2	0	0	0	2	1	0	2	1	1	1	0	3
1190	0	0	2	0	0	0	1	1	1	3	1	2	2	2	1
1191	0	0	3	.	0	.	1	2	0	1	2	0	.	.	.
1192	.	2	.	1	.	2	0	.	1	4	.	.	.	.	.
1193	1	0	1	1	1	0	2	2	0	1	1	2	1	1	2
1194	3	3	2	1	2	2	3	2	1	2	2	2	3	4	3
1195	3	0	2	1	.	1	1	1	.	1	2	1	1	.	1
1196	0	.	2	0	.	.	1	0	0	2	.	.	2	0	4
1197	2	1	1	0	.	.	2	2	0	3	3	3	1	2	4
1198	4	1	4	0	0	.	0	2	.	4	0	2	2	2	3
1199	1	0	.	0	0	0	1	0	0	0	0	1	1	1	2
1200	1	0	3	1	.	.	2	1	3	4	2	3	2	2	2
1201	2	3	3	0	0	0	2	3	1	2	1	2	2	2	3
1202	0	0	2	1	.	.	1	1	0	.	.	0	2	2	.
1203	.	1	2	2	.	1	3	.	0	3	0	2	2	3	.
1204	2	3	4	.	0	.	3	3	2	4	2	2	2	4	2
1205	2	0	3	1	2	1	1	2	2	3	3	3	3	4	3
1206	1	0	2	0	0	.	2	2	2	0	2	0	1	0	0
1207	2	3	4	0	.	.	1	1	1	2	1	1	1	1	2
1208	2	1	2	1	.	.	1	2	1	2	2	1	2	2	3
1209	3	0	4	.	.	.	2	4	2	3	4	4	.	2	3
1210	4	4	3	.	.	.	1	2	3	1	4	2	1	1	4
1211	.	.	2	0	.	.	2	1	.	2	.	2	1	1	3
1212	2	0	4	1	.	2	0	1	1	1	2	3	3	.	2
1213	4	1	0	0	0	.	2	1	0	2	1	3	2	2	4
1214	3	0	4	1	.	1	2	2	3	.	2	2	2	4	2
1215	4	1	2	1	1	.	2	1	2	2	2	1	2	3	4
1216	2	2	2	1	1	2	0	2	1	2	3	2	3	2	3
1217	.	3	3	1	2	1	3	4	2	3	4	4	3	2	3
1218	4	0	4	.	.	2	2	4	2	4	.	3	4	3	4
1219	2	2	4	1	1	2	4	4	2	4	3	4	3	3	1
1220	1	0	3	1	1	.	2	0	2	2	2	1	3	3	0
1221	0	0	1	0	1	1	0	1	0	3	1	1	1	1	3
1222	2	1	2	1	.	1	2	2	2	3	3	2	2	2	3
1223	0	4	0	0	0	0	0	0	0	4	0	0	0	0	4
1224	0	0	3	.	.	.	1	0	2	1	2	1	1	1	1
1225	0	0	1	.	0	0	1	1	0	1	2	1	1	2	3
1226	3	2	3	1	1	.	2	3	2	3	2	2	3	2	2
1227	4	2	2	1	.	.	1	0	2	2	2	1	2	1	.
1228	3	3	3	0	1	.	1	3	2	2	1	4	3	2	4
1229	4	.	2	2	.	1	3	1	0	1	2	1	2	2	.
1230	0	0	2	0	0	0	1	1	0	3	1	1	1	1	3
1231	2	2	4	1	.	2	1	3	2	2	3	3	3	2	3
1232	2	.	1	0	.	1	3	3	2	4	1	4	4	4	4
1233	4	.	3	2	0	.	2	3	.	2	2	3	2	2	4
1234	1	4	3	0	0	0	1	1	0	2	1	0	1	0	1
1235	3	2	0	2	1	2	.	.	.	.	.	.	.	.	.
1236	3	2	0	0	.	.	0	3	2	4	0	4	1	3	4
1237	2	1	3	1	.	1	3	4	3	4	3	4	4	4	4
1238	0	0	1	1	0	.	0	1	0	2	2	0	2	2	2
1239	2	1	3	1	0	0	0	0	0	4	3	2	0	1	2
1240	4	2	0	2	0	1	2	.	0	4	2	2	4	2	.
1241	.	0	2	.	0	.	0	2	0	2	0	0	0	0	3
1242	0	0	3	1	0	.	0	0	0	3	2	0	1	1	2
1243	3	1	3	1	.	.	2	1	0	3	3	1	2	1	2
1244	4	4	4	.	1	2	3	4	1	3	2	4	4	4	3
1245	4	4	2	1	0	.	0	2	1	4	2	3	2	1	2
1246	3	1	3	1	0	.	4	.	1	2	1	2	1	1	3
1247	0	0	3	1	0	0	3	2	2	3	0	2	3	3	.
1248	1	0	3	1	0	.	1	1	.	1	0	2	1	2	0
1249	4	1	2	1	0	.	1	3	0	4	2	3	3	2	3
1250	3	0	3	1	.	.	0	1	0	3	2	1	2	1	3
1251	3	2	.	1	.	.	2	2	1	2	2	1	3	2	3
1252	0	0	2	1	0	.	2	1	.	1	.	.	.	.	.
1253	3	1	2	2	1	1	1	2	1	2	3	2	3	2	2
1254	2	3	3	1	1	1	2	3	1	2	2	2	3	3	3
1255	4	0	1	1	.	0	1	1	0	2	1	0	1	1	1
1256	2	.	0	.	.	.	2	2	1	3	.	4	.	.	.
1257	1	4	1	0	0	0	2	2	0	2	2	1	2	2	2
1258	3	3	4	1	0	1	3	4	1	4	3	4	3	2	4
1259	4	0	0	1	0	.	3	1	.	1	.	.	.	0	1
1260	1	0	1	0	.	.	2	3	1	1	2	1	1	1	4
1261	2	0	1	0	0	0	2	0	0	2	1	2	1	1	3
1262	0	0	.	.	.	.	.	.	.	.	.	.	.	.	.
1263	2	0	2	1	.	.	1	2	1	2	0	2	2	2	1
1264	0	0	3	.	0	0	0	1	0	2	0	1	0	2	2
1265	0	4	4	1	0	0	1	1	3	4	4	4	4	4	4
1266	2	2	1	2	1	0	1	2	0	1	0	0	3	1	1
1267	3	2	4	1	0	0	3	4	1	3	2	4	4	4	4
1268	3	3	2	0	1	1	0	2	0	4	0	3	2	2	4
1269	3	2	4	1	0	.	2	2	0	2	4	4	3	3	4
1270	2	3	4	1	.	.	0	.	3	.	.	.	.	.	.
1271	3	.	4	1	.	.	2	4	3	2	4	2	3	2	1
1272	2	1	4	1	0	0	1	3	0	2	3	1	1	2	3
1273	2	1	3	2	0	1	2	2	2	3	2	3	3	3	2
1274	1	0	4	0	.	.	1	1	1	3	3	2	2	2	1
1275	2	0	2	2	.	.	1	1	1	3	.	2	2	2	2
1276	2	3	2	1	1	0	2	3	2	1	1	1	2	2	3
1277	.	.	3	.	.	.	2	3	1	2	2	2	2	.	.
1278	0	0	3	0	.	.	3	2	2	3	.	3	0	0	2
1279	1	0	4	.	0	0	2	1	2	2	1	2	2	2	2
1280	3	.	2	0	.	.	2	2	1	2	2	2	2	2	3
1281	0	0	3	1	0	.	0	2	1	3	2	1	0	0	1
1282	1	0	3	0	.	.	2	1	1	2	3	3	2	3	3
1283	0	0	2	0	0	2	2	2	1	0	2	.	.	.	.
1284	2	2	2	2	2	1	2	2	1	4	4	2	3	3	3
1285	4	1	2	.	0	0	0	3	2	1	2	2	3	3	.
1286	3	3	4	1	1	0	2	3	2	4	3	4	2	2	4
1287	0	0	3	0	0	0	2	1	1	0	.	2	2	2	2
1288	3	1	3	.	.	.	2	3	.	2	2	3	2	2	2
1289	4	2	2	1	2	1	2	3	2	2	3	2	2	2	.
1290	4	4	2	.	0	.	4	3	2	3	3	4	3	1	4
1291	.	.	.	1	.	.	2	.	1	.	3	.	.	.	.
1292	3	3	3	1	1	1	3	3	2	3	3	2	3	3	3
1293	3	3	3	1	1	1	3	3	2	3	3	3	3	3	3
1294	3	1	2	.	.	.	1	1	2	2	1	2	1	1	2
1295	0	0	3	0	0	0	0	0	0	2	0	1	1	1	0
1296	1	1	3	1	1	0	2	2	0	2	2	3	3	3	3
1297	2	0	3	1	.	0	1	1	1	2	2	2	1	1	1
1298	3	.	4	.	0	.	3	2	0	2	.	3	2	2	1
1299	0	0	2	0	0	0	2	1	0	3	1	2	1	3	3
1300	0	0	1	0	0	0	0	0	0	1	3	0	2	1	0
1301	3	3	3	0	1	.	0	0	1	.	.	1	0	0	0
1302	2	0	4	.	.	1	2	2	3	2	2	3	3	3	3
1303	3	3	2	1	.	0	2	1	1	2	2	2	2	2	3
1304	1	1	3	1	0	.	1	1	0	3	1	2	1	1	1
1305	2	0	3	.	.	.	.	.	.	.	.	.	.	.	.
1306	.	.	.	.	.	.	.	.	.	.	.	.	.	.	.
1307	.	3	4	1	.	1	2	2	3	.	.	.	.	.	.
1308	.	.	.	.	.	.	.	.	.	.	.	.	.	.	.
1309	2	3	3	1	1	0	1	2	2	4	3	1	4	2	4
1310	.	.	.	.	.	.	.	.	.	.	.	.	.	.	.
1311	3	3	3	0	1	2	3	3	3	3	3	3	3	3	3
1312	0	0	4	1	0	2	3	3	2	3	4	3	4	4	4
1313	.	.	.	.	.	.	.	.	.	.	.	.	.	.	.
1314	2	2	3	2	1	0	1	0	1	3	2	1	3	2	1
1315	1	0	3	1	0	.	1	1	0	2	1	2	1	1	1
1316	1	1	2	1	.	.	2	2	1	4	0	3	1	2	3
1317	.	0	2	0	0	.	0	0	0	2	0	3	1	2	3
1318	3	3	4	2	1	1	2	2	2	2	3	4	4	4	4
1319	2	2	1	1	0	1	1	2	1	2	2	2	2	2	2
1320	1	3	1	.	.	2	1	1	2	3	3	3	3	3	2
1321	3	2	3	1	.	1	3	3	0	2	2	3	2	2	3
1322	2	2	2	0	0	0	2	2	0	4	2	2	2	2	2
1323	3	3	4	1	1	.	3	2	3	3	3	4	3	3	3
1324	4	1	4	1	0	.	3	2	3	1	3	2	2	1	4
1325	2	2	3	1	0	.	0	2	0	2	2	0	2	1	0
1326	.	0	4	0	0	.	3	2	0	4	0	0	1	.	1
1327	.	.	.	.	.	.	.	.	1	2	2	2	1	2	3
1328	3	2	3	2	1	0	2	0	1	.	.	.	.	.	.
1329	2	2	3	1	.	.	2	2	3	2	1	3	2	2	4
1330	1	1	2	1	0	.	2	1	.	3	2	3	2	2	4
1331	.	0	.	.	2	.	2	2	3	2	.	4	3	3	2
1332	4	2	3	2	.	2	2	1	1	3	3	2	2	2	4
1333	2	0	2	0	0	1	2	2	0	2	2	2	3	3	2
1334	3	2	3	.	.	.	3	2	1	2	3	2	2	3	3
1335	2	2	4	1	0	1	2	3	3	3	2	3	3	3	3
1336	4	4	4	2	2	2	2	4	.	.	.	.	.	.	.
1337	3	3	2	0	1	1	2	2	1	2	1	3	3	3	2
1338	3	1	4	.	0	.	3	1	.	3	.	2	0	0	.
1339	.	0	3	1	0	.	2	0	2	1	1	1	0	0	0
1340	3	1	2	1	.	.	1	1	1	2	2	2	2	2	3
1341	4	1	2	.	0	2	2	3	0	3	2	2	2	2	3
1342	3	3	3	1	1	1	3	2	2	2	2	2	2	2	2
1343	.	0	2	1	0	.	2	3	0	2	1	2	1	0	1
1344	0	0	4	0	0	1	2	0	2	4	1	1	4	2	0
1345	3	2	4	1	.	1	2	2	1	.	2	3	2	3	4
1346	4	4	4	2	.	2	4	4	3	4	4	4	4	4	4
1347	3	2	4	1	.	1	3	2	.	2	2	.	2	2	1
1348	3	1	3	1	1	.	2	1	0	1	2	1	1	2	1
1349	2	1	0	0	0	1	1	1	1	1	1	2	2	2	2
1350	2	0	2	1	0	1	3	1	1	0	0	2	2	2	1
1351	.	0	4	1	2	1	0	2	.	3	2	3	1	2	1
1352	2	0	3	.	.	.	2	2	1	3	2	4	3	2	2
1353	1	1	2	0	0	1	2	3	3	2	1	2	2	2	2
1354	1	0	2	0	.	2	2	0	0	2	0	2	1	1	1
1355	1	2	3	1	0	.	2	3	0	2	3	3	2	3	2
1356	4	2	4	1	1	.	0	2	0	4	0	0	3	3	4
1357	3	3	3	.	.	.	.	.	.	.	.	.	.	.	.
1358	.	.	3	.	0	.	2	2	0	2	.	.	0	0	.
1359	2	.	3	1	1	1	2	.	3	3	3	3	3	2	3
1360	4	.	3	1	.	0	2	4	3	1	.	3	2	3	4
1361	2	1	4	1	0	.	3	4	3	2	2	4	1	1	2
1362	2	3	3	1	.	1	1	4	2	2	2	3	3	3	4
1363	0	0	0	0	0	0	0	0	0	4	0	0	0	1	0
1364	.	.	.	.	.	.	.	.	.	.	.	.	.	.	.
1365	.	.	.	.	.	.	.	.	.	.	.	.	.	.	.
1366	0	0	2	.	.	.	.	.	.	.	.	.	.	.	.
1367	4	4	3	2	2	2	2	0	3	4	4	4	3	1	.
1368	2	4	2	1	2	1	3	3	3	4	2	3	3	3	3
1369	4	4	4	2	2	1	4	4	3	4	4	4	4	4	4
1370	.	.	2	1	.	.	3	3	1	2	1	3	2	3	4
1371	3	3	3	1	.	.	3	3	.	.	3	3	3	3	3
1372	2	3	4	2	1	1	3	2	3	1	.	3	4	4	4
1373	2	4	4	2	.	.	3	2	2	2	2	3	3	3	2
1374	2	3	3	1	0	0	2	2	1	3	3	3	2	3	3
1375	3	4	3	1	.	.	2	3	2	3	2	2	3	3	2
1376	4	4	2	1	1	1	2	2	2	2	2	2	2	2	2
1377	2	4	4	1	.	1	.	.	.	2	.	.	.	.	.
1378	4	4	3	1	.	.	4	4	3	4	4	4	4	4	2
1379	4	4	4	2	.	.	3	4	3	4	3	4	3	3	4
1380	1	0	2	0	.	1	0	1	0	0	1	1	1	1	1
1381	2	1	3	2	0	2	3	4	.	2	2	3	2	3	3
1382	1	.	2	.	1	0	.	3	2	2	1	2	2	2	3
1383	4	4	3	.	.	.	4	4	.	1	.	3	3	3	3
1384	2	2	3	1	0	0	2	2	3	4	2	2	2	3	3
1385	3	3	4	0	2	0	2	2	1	0	0	3	2	2	3
1386	2	4	4	.	1	.	2	2	1	4	2	2	2	4	4
1387	3	.	.	.	.	.	2	3	1	3	2	3	.	.	.
1388	2	4	1	1	1	.	3	3	2	4	2	3	2	3	2
1389	2	4	0	2	.	2	4	3	2	3	2	3	3	3	3
1390	.	.	4	1	.	.	.	4	3	4	4	4	.	.	4
1391	4	4	3	1	1	.	0	3	2	4	2	3	3	3	3
1392	3	4	3	2	1	2	4	4	3	4	2	2	3	4	3
1393	.	3	2	1	.	.	3	4	2	4	2	4	2	2	3
1394	3	.	3	2	1	.	.	2	2	2	2	4	3	3	3
1395	.	.	1	.	0	.	.	.	0	.	.	.	.	.	.
1396	3	2	.	1	.	.	2	3	.	.	.	3	3	3	3
1397	4	0	0	2	.	.	3	0	.	4	.	4	1	1	3
1398	3	2	1	1	2	.	3	2	.	3	.	4	3	3	2
1399	2	4	3	2	.	.	3	3	1	4	2	4	3	2	1
1400	3	2	.	1	.	.	3	4	3	2	.	2	2	2	1
1401	4	3	4	.	.	.	1	3	2	.	.	4	3	3	4
1402	1	1	1	1	.	1	3	2	.	3	.	3	2	2	0
1403	3	3	3	1	.	.	3	4	2	2	2	3	3	3	2
1404	3	4	.	2	2	.	3	.	3	2	.	.	.	2	3
1405	4	4	.	.	.	2	.	.	.	4	4	2	.	.	3
1406	.	2	2	1	0	1	2	2	.	4	2	2	2	4	2
1407	.	.	4	0	.	0	4	4	3	4	4	4	0	0	3
1408	3	2	4	2	1	2	4	4	3	3	3	4	4	4	4
1409	.	.	2	.	.	.	.	.	.	2	2	2	.	.	.
1410	2	2	2	1	1	1	2	2	0	2	2	.	.	.	.
1411	3	3	3	2	1	2	3	3	2	2	2	2	2	2	2
1412	2	2	0	0	0	2	4	0	.	3	3	0	1	1	1
1413	2	3	2	0	1	.	2	2	1	1	1	1	1	1	2
1414	2	1	1	1	1	2	2	0	1	2	0	1	2	1	3
1415	2	1	4	.	.	.	.	.	.	.	.	.	.	.	.
1416	2	2	2	.	.	.	4	2	.	2	2	.	.	.	.
1417	2	2	2	1	1	1	2	2	.	.	.	.	.	.	.
1418	4	4	4	2	2	2	4	4	3	4	4	4	4	4	4
1419	2	2	2	1	1	1	2	2	1	1	1	2	1	2	3
1420	0	0	2	1	1	1	2	2	0	2	2	0	2	2	2
1421	3	.	3	0	.	.	1	.	.	0	.	2	.	.	.
1422	1	1	3	1	.	2	1	0	1	3	2	3	4	3	3
1423	4	2	4	1	2	1	3	3	3	4	4	3	3	3	3
1424	1	3	4	1	1	1	2	2	3	3	2	3	4	3	4
1425	1	0	3	0	0	0	0	1	0	2	2	0	0	3	1
1426	.	.	.	2	.	.	0	.	3	2	.	0	0	0	0
1427	0	0	2	1	.	.	2	1	0	1	1	1	2	2	2
1428	2	1	2	1	1	.	1	3	1	1	2	2	1	2	2
1429	3	2	2	1	1	1	3	2	1	1	4	2	3	2	2
1430	0	0	0	.	.	0	0	0	2	2	.	3	.	.	4
1431	2	2	2	.	.	.	.	.	2	2	2	.	2	2	2
1432	3	0	4	1	1	1	3	0	0	2	0	2	2	2	2
1433	1	0	2	0	0	1	1	2	2	1	1	2	1	1	2
1434	2	0	3	0	0	0	.	.	2	2	2	1	2	1	2
1435	2	1	.	.	.	1	1	.	1	2	2	2	4	3	.
1436	2	1	2	1	0	0	1	2	0	0	1	2	.	2	2
1437	0	0	2	0	0	0	0	0	0	0	0	0	0	0	3
1438	3	2	3	.	0	1	2	1	2	3	1	0	1	2	1
1439	.	.	0	0	0	.	2	0	0	2	2	4	2	2	2
1440	3	2	2	1	1	1	2	2	1	2	3	3	2	2	3
1441	1	0	4	1	0	.	1	1	0	1	1	2	2	2	2
1442	2	3	4	1	0	1	2	2	1	4	2	3	1	3	3
1443	3	2	1	0	.	.	0	2	0	3	3	2	0	0	3
1444	0	0	1	.	.	.	1	2	0	0	.	4	.	.	4
1445	3	1	1	1	.	.	1	2	.	3	.	2	3	3	3
1446	0	.	2	0	0	0	2	0	0	2	1	3	2	2	3
1447	2	1	3	0	0	1	2	2	2	2	3	4	4	4	3
1448	2	4	4	1	1	2	2	.	1	3	2	0	3	2	3
1449	1	0	2	1	0	1	1	2	1	2	0	0	0	0	2
1450	1	0	4	0	0	.	1	3	1	1	0	0	2	4	4
1451	3	1	3	1	1	1	1	1	0	0	0	4	1	2	4
1452	3	1	4	0	0	.	2	3	1	3	.	3	3	4	4
1453	3	4	1	0	0	1	0	2	0	1	3	1	3	3	4
1454	4	0	3	2	0	1	2	2	0	3	.	2	3	2	3
1455	0	0	2	.	0	.	1	2	0	2	2	3	2	2	4
1456	0	0	3	.	.	.	.	.	.	.	.	.	.	.	.
1457	0	0	2	.	.	0	1	3	0	0	2	2	2	3	2
1458	.	0	2	0	1	2	1	1	1	3	3	2	3	2	0
1459	1	0	3	0	.	.	1	1	0	2	2	2	2	2	3
1460	0	0	3	1	0	1	3	1	0	2	1	1	1	1	1
1461	.	1	2	0	0	.	1	1	0	3	0	2	0	0	2
1462	0	0	1	1	1	0	0	0	0	0	0	0	0	0	0
1463	2	0	1	0	0	0	1	0	1	3	0	2	1	1	2
1464	1	0	1	1	1	.	0	2	0	1	0	2	0	1	2
1465	2	4	4	0	0	.	1	2	2	1	1	2	.	.	2
1466	0	0	1	.	0	.	1	0	.	1	0	1	0	0	3
1467	0	0	1	.	0	0	2	1	1	2	1	3	2	.	.
1468	1	0	3	1	0	.	2	2	2	2	3	2	3	3	3
1469	4	3	.	.	.	.	.	.	.	.	.	.	.	.	.
1470	.	1	2	.	0	0	0	1	0	1	1	2	2	1	2
1471	4	4	3	2	1	.	2	0	0	2	3	2	4	4	2
1472	1	0	3	.	0	0	1	1	1	2	1	2	2	2	2
1473	1	1	2	1	0	0	0	2	2	2	2	2	2	3	3
1474	3	4	3	1	1	1	4	4	3	2	2	3	1	2	2
1475	1	1	4	1	0	0	1	3	2	2	1	3	3	3	4
1476	0	0	2	1	0	.	1	1	2	2	1	2	2	2	1
1477	0	0	4	.	.	.	2	1	1	2	1	1	2	1	4
1478	0	0	0	1	0	0	0	0	0	1	0	2	0	0	2
1479	3	0	2	0	.	.	0	1	.	1	1	0	0	1	1
1480	0	0	2	.	1	.	0	0	0	3	0	2	1	2	2
1481	2	2	2	0	0	2	2	2	1	2	2	2	2	2	2
1482	3	3	3	2	2	0	3	3	2	2	3	3	3	3	3
1483	1	3	3	1	0	0	2	3	2	3	1	2	2	2	3
1484	0	1	2	1	1	1	1	0	1	0	1	1	1	1	4
1485	3	4	1	0	.	0	1	4	.	3	.	4	2	1	4
1486	.	.	3	1	0	2	2	2	1	2	3	4	.	.	.
1487	.	.	2	.	.	1	1	0	0	1	3	0	1	1	2
1488	2	2	3	.	.	.	3	2	2	1	1	0	3	3	3
1489	3	0	3	1	.	.	2	2	.	0	2	1	2	3	1
1490	2	2	2	.	.	1	3	3	1	3	3	4	4	4	4
1491	.	0	0	1	0	2	0	0	0	2	0	0	0	0	2
1492	0	0	2	1	.	1	2	2	1	2	2	2	2	2	2
1493	1	0	2	0	0	1	2	3	0	4	3	3	3	3	4
1494	0	0	3	1	0	.	3	2	0	2	2	2	1	1	3
1495	0	0	2	0	1	1	2	2	0	2	0	1	0	1	1
1496	4	4	4	2	2	2	4	4	3	2	1	4	4	3	2
1497	2	2	2	1	1	1	2	2	1	3	2	3	3	3	4
1498	.	2	3	.	0	.	1	1	3	2	.	3	3	2	4
1499	1	1	3	1	0	2	0	1	0	2	0	4	1	1	4
1500	0	0	2	0	0	1	0	0	0	2	1	1	2	2	2
1501	3	1	4	2	.	.	1	3	1	2	2	3	2	3	4
1502	.	2	4	0	0	.	.	.	.	.	.	.	.	.	.
1503	3	2	2	1	.	.	2	1	3	3	2	1	2	2	3
1504	1	1	3	1	1	.	1	2	0	1	1	1	2	2	2
1505	0	0	1	1	1	0	2	3	3	2	1	3	2	2	3
1506	2	2	.	0	0	1	2	1	3	2	4	2	.	2	2
1507	2	3	4	1	.	.	1	2	1	2	2	4	2	2	3
1508	1	0	3	.	0	.	1	1	0	2	1	2	2	1	3
1509	2	0	2	1	0	0	4	1	.	2	2	2	2	2	3
1510	1	0	0	.	.	0	2	0	0	2	.	0	0	1	0
1511	4	4	4	1	1	1	3	4	3	2	4	4	4	4	4
1512	1	0	0	.	.	1	0	1	0	1	0	1	1	1	0
1513	1	0	3	2	1	.	2	2	1	2	0	3	2	3	1
1514	4	0	0	0	0	0	0	0	0	0	0	0	0	0	0
1515	.	.	.	1	.	.	.	.	.	.	.	.	.	2	2
1516	.	.	2	1	0	.	1	.	2	0	2	1	3	3	.
1517	2	0	2	1	1	1	1	1	1	2	1	3	3	3	0
1518	.	0	4	1	.	.	2	3	2	3	3	4	4	4	3
1519	0	0	2	0	0	.	2	1	0	1	0	2	.	0	3
1520	0	0	3	1	0	.	0	0	1	1	0	2	0	0	1
1521	0	0	2	0	0	0	2	2	1	2	0	3	1	1	4
1522	3	2	3	1	0	0	2	1	0	2	2	2	2	2	2
1523	0	0	2	1	1	0	2	2	2	2	1	2	3	3	3
1524	2	2	2	1	.	0	1	1	3	3	2	2	2	2	2
1525	3	3	3	2	0	0	3	3	0	3	2	.	2	2	2
1526	1	0	2	0	0	0	0	0	0	0	0	2	2	1	3
1527	3	0	0	1	0	.	0	0	0	0	0	0	2	2	2
1528	0	0	3	2	0	0	0	0	0	1	3	0	1	1	2
1529	1	0	3	0	0	0	2	1	0	1	1	1	1	2	4
1530	2	0	3	0	0	.	1	2	1	3	1	2	2	3	4
1531	3	3	0	1	.	1	3	2	1	2	2	4	3	3	4
1532	1	.	3	1	0	.	0	0	1	2	1	0	2	2	1
1533	0	0	3	0	0	0	1	2	.	1	.	1	.	1	2
1534	0	.	4	2	.	2	4	0	0	2	0	2	2	3	4
1535	1	2	2	1	1	0	3	3	0	2	2	2	1	3	2
1536	3	2	2	1	0	.	0	2	.	1	1	1	0	0	2
1537	0	0	3	.	1	1	0	2	0	0	2	1	2	1	2
1538	.	4	3	2	1	0	0	0	0	1	1	2	2	2	1
1539	0	0	2	1	0	1	1	1	1	1	1	0	1	0	3
1540	2	3	4	1	0	2	1	3	1	2	2	3	4	2	1
1541	.	.	1	1	.	.	2	3	2	1	3	3	1	2	3
1542	0	0	.	0	0	.	.	2	1	2	.	2	3	3	4
1543	3	0	4	1	0	.	1	2	0	2	1	2	3	3	4
1544	2	2	2	1	.	.	1	2	1	1	2	2	2	3	2
1545	2	0	1	.	.	.	1	0	0	1	2	0	1	1	1
1546	4	4	0	0	1	1	2	4	3	1	4	1	4	3	4
1547	0	1	3	0	0	0	2	1	1	2	1	2	2	1	0
1548	4	2	4	.	0	.	2	3	1	3	3	4	4	4	3
1549	2	3	3	1	0	0	2	2	1	2	2	2	2	2	1
1550	0	0	0	.	.	.	0	0	0	0	.	1	0	0	0
1551	3	3	2	1	0	1	2	3	2	3	3	3	3	3	2
1552	1	0	3	.	0	1	1	2	1	1	2	2	1	1	1
1553	1	0	3	2	0	0	2	3	0	1	1	3	2	2	4
1554	3	0	3	0	0	1	1	2	2	0	1	1	2	2	3
1555	1	0	2	1	.	.	1	2	1	2	1	2	2	2	1
1556	0	0	2	0	0	.	2	1	0	3	0	0	2	1	1
1557	1	0	2	0	0	0	0	1	1	4	1	1	0	1	1
1558	0	0	3	0	0	1	1	2	0	3	1	3	1	1	2
1559	1	0	3	2	1	1	0	0	1	1	0	1	1	1	2
1560	1	0	3	1	1	.	0	3	0	2	2	2	2	1	3
1561	2	0	3	.	0	0	1	2	3	2	2	1	1	1	4
1562	1	0	3	2	.	0	2	2	1	1	2	2	2	2	2
1563	3	0	2	0	0	0	1	1	2	1	2	2	2	2	1
1564	4	0	4	0	.	.	2	4	2	3	3	2	2	3	4
1565	1	2	4	1	1	.	2	3	.	2	4	4	3	3	4
1566	1	0	3	1	0	0	2	1	0	1	2	2	1	1	3
1567	4	4	4	1	.	.	4	4	2	3	4	4	3	3	3
1568	4	4	0	1	0	.	0	0	0	3	2	2	0	2	2
1569	2	2	2	.	0	.	0	0	0	0	2	2	1	2	1
1570	4	4	4	1	.	.	0	2	3	0	4	4	2	2	2
1571	0	2	3	2	1	.	2	2	0	2	.	1	2	2	3
1572	1	0	1	1	0	0	1	1	1	1	2	1	1	1	2
1573	1	0	0	.	.	.	1	0	0	3	.	1	0	2	3
1574	2	0	1	0	0	.	1	3	0	2	1	3	3	3	3
1575	0	0	3	.	1	.	2	1	0	0	.	2	1	2	2
1576	2	2	4	.	.	.	2	2	3	1	2	4	3	3	3
1577	3	2	2	.	.	.	1	2	.	2	3	3	2	2	4
1578	2	0	2	0	1	2	4	4	3	2	4	4	4	4	4
1579	.	3	1	0	0	1	1	2	1	2	3	2	3	4	4
1580	1	2	1	0	.	1	1	1	0	2	1	1	1	0	4
1581	.	.	2	.	.	.	.	.	.	3	.	.	.	.	2
1582	1	1	3	1	0	0	1	2	1	0	2	4	2	2	3
1583	0	0	1	.	.	.	0	0	0	1	0	0	0	0	.
1584	1	0	3	1	0	.	2	2	3	1	2	4	3	4	3
1585	3	3	3	1	.	.	2	3	.	2	4	2	.	.	3
1586	0	4	2	.	0	0	0	2	0	.	.	0	0	4	3
1587	4	0	1	2	1	1	0	2	1	.	.	1	2	2	2
1588	1	1	2	1	0	0	2	0	1	2	0	0	1	1	2
1589	0	0	2	.	.	2	0	1	1	2	0	3	1	0	2
1590	3	3	2	0	0	0	1	2	1	3	1	3	1	4	4
1591	0	0	1	1	.	.	2	2	0	2	0	2	1	1	1
1592	0	.	3	0	0	0	1	1	0	2	1	2	.	1	2
1593	4	4	4	1	1	2	3	0	3	2	4	4	3	2	3
1594	0	4	4	0	.	.	2	3	2	2	2	2	2	2	1
1595	2	0	3	1	0	.	0	0	.	3	.	2	2	2	2
1596	2	0	1	1	.	.	2	2	2	4	3	0	2	1	1
1597	3	2	3	1	0	.	2	3	1	2	2	3	2	2	3
1598	0	0	2	0	0	0	2	0	0	0	1	1	2	2	1
1599	4	3	2	0	.	0	2	4	2	3	4	4	3	4	4
1600	2	0	3	1	1	1	2	1	1	3	2	3	3	2	2
1601	1	0	2	.	0	1	1	1	1	2	1	2	1	2	1
1602	2	0	0	.	.	.	2	3	0	4	2	4	2	2	2
1603	0	1	1	.	.	.	1	2	2	2	0	3	2	1	0
1604	4	2	4	2	1	.	2	4	.	3	2	4	3	3	2
1605	.	.	2	1	.	.	3	2	.	2	.	2	.	1	2
1606	0	0	0	1	2	.	1	0	0	.	2	2	1	2	4
1607	1	1	2	0	0	0	2	1	0	4	2	2	1	1	4
1608	1	0	1	2	0	0	1	1	1	2	2	2	1	2	2
1609	2	1	2	.	.	.	2	1	3	3	.	2	2	3	1
1610	3	0	3	1	.	.	1	.	2	3	1	2	3	0	2
1611	2	.	4	1	.	.	3	.	.	.	2	4	3	3	3
1612	3	2	3	0	.	1	1	1	3	3	2	2	2	2	3
1613	0	0	4	1	0	1	0	0	2	1	2	0	2	3	3
1614	3	3	3	1	.	.	2	2	3	2	3	2	2	2	2
1615	1	0	4	1	1	1	3	2	2	3	2	3	3	2	3
1616	3	1	3	0	0	0	1	0	1	3	1	2	1	1	3
1617	.	0	4	.	.	.	.	.	.	.	.	.	.	.	.
1618	2	1	3	1	1	1	1	3	0	2	2	3	2	3	3
1619	3	2	1	0	.	.	0	1	1	1	2	3	1	1	2
1620	.	0	3	.	.	.	2	3	2	3	2	3	2	2	2
1621	0	0	3	1	0	.	0	1	0	2	0	0	0	3	2
1622	2	3	3	1	2	1	2	3	1	3	3	3	3	3	4
1623	1	0	3	1	0	.	1	2	0	2	3	2	1	1	4
1624	0	.	4	1	0	.	3	3	1	1	2	4	2	3	3
1625	0	1	2	0	0	1	1	2	1	2	1	2	1	2	3
1626	1	0	3	1	0	.	2	3	3	1	2	3	2	2	1
1627	0	.	3	0	1	.	0	2	1	3	.	2	2	3	2
1628	2	2	2	1	0	.	2	2	0	2	2	2	.	2	3
1629	3	3	3	0	1	.	3	2	.	1	2	1	3	2	3
1630	1	4	1	2	0	.	2	0	0	1	3	0	2	2	2
1631	2	1	2	.	.	.	.	.	.	.	.	.	.	.	.
1632	0	2	2	1	0	1	4	0	1	2	1	1	1	2	2
1633	0	0	0	.	.	.	0	0	0	0	4	0	0	0	0
1634	3	2	1	2	1	.	0	2	0	2	3	3	2	2	.
1635	4	0	2	0	0	.	1	1	1	2	1	4	.	0	4
1636	2	4	2	1	.	2	2	4	3	4	2	4	.	.	4
1637	3	4	2	1	.	.	2	3	1	2	2	2	2	3	2
1638	2	1	4	1	0	2	0	0	1	2	2	1	2	2	3
1639	2	3	4	2	1	2	0	0	2	2	1	4	4	3	3
1640	3	4	3	.	.	.	1	2	1	3	2	3	2	2	3
1641	.	.	.	.	.	.	.	3	0	2	.	2	2	.	.
1642	2	2	.	.	.	.	2	2	.	4	.	4	2	2	.
1643	4	4	3	.	.	.	.	1	.	2	2	1	3	3	3
1644	0	0	4	1	0	1	1	3	2	4	3	4	3	4	3
1645	2	1	1	.	.	.	1	2	3	3	1	4	2	1	3
1646	1	1	2	2	0	0	1	2	1	3	2	4	1	2	3
1647	3	2	.	1	2	0	2	3	2	1	2	2	2	3	2
1648	1	3	2	.	.	.	1	2	.	1	2	2	1	1	2
1649	3	2	2	.	.	.	2	3	2	2	2	3	2	2	2
1650	1	0	2	1	.	.	1	0	0	2	2	1	2	1	2
1651	0	0	3	2	.	.	1	2	3	1	1	2	3	3	1
1652	1	.	3	.	0	.	1	3	.	2	1	3	2	2	4
1653	2	0	2	1	0	.	3	2	.	3	2	2	2	3	3
1654	.	.	1	1	.	.	1	1	2	2	.	3	2	1	1
1655	3	1	2	2	.	.	1	2	1	3	2	2	3	1	3
1656	2	0	3	1	.	.	2	2	1	2	2	2	2	2	3
1657	0	0	3	2	.	0	1	2	0	0	1	2	2	2	2
1658	2	0	3	.	0	.	1	2	1	2	2	1	1	2	4
1659	4	.	3	.	.	1	2	2	.	0	2	.	2	2	4
1660	0	4	3	2	1	.	1	1	0	2	2	4	1	2	1
1661	1	0	2	2	0	0	1	1	3	1	2	2	2	2	2
1662	2	1	1	.	1	2	2	2	1	2	2	2	3	2	3
1663	1	1	3	1	1	2	2	2	3	2	3	3	.	4	3
1664	.	0	3	.	1	.	1	2	0	2	0	3	.	3	3
1665	1	0	2	1	1	0	0	1	1	1	1	2	2	2	3
1666	3	1	3	.	0	.	2	2	1	2	3	2	2	2	3
1667	2	1	2	2	.	1	1	2	.	1	1	2	2	3	2
1668	3	.	3	1	.	.	2	2	.	1	2	4	2	2	3
1669	.	3	3	.	1	.	2	2	0	2	2	2	2	2	2
1670	1	0	2	1	1	1	2	1	0	2	2	1	2	2	1
1671	.	.	.	1	0	.	.	.	0	3	2	.	.	.	.
1672	1	3	3	1	.	.	0	1	2	1	2	2	2	2	2
1673	4	3	0	2	0	.	3	0	3	3	0	2	0	0	3
1674	2	0	3	1	.	.	2	2	0	2	2	2	3	2	2
1675	1	3	2	1	0	0	3	1	2	1	2	0	3	2	2
1676	3	0	2	1	.	.	2	0	0	2	2	2	3	2	3
1677	0	0	2	1	.	0	3	4	3	3	4	2	2	3	3
1678	2	2	3	1	1	0	2	2	3	3	3	3	3	3	3
1679	3	1	3	.	.	.	1	2	1	3	4	2	2	2	3
1680	2	0	0	.	0	.	2	1	0	2	1	1	3	2	2
1681	1	0	2	.	.	.	0	1	0	1	3	2	2	1	1
1682	1	1	2	0	.	0	1	0	0	2	.	3	0	2	2
1683	1	0	1	1	0	1	.	0	.	.	.	.	.	.	.
1684	2	1	3	0	0	1	2	0	0	2	2	3	1	2	3
1685	3	3	0	1	0	.	3	.	.	2	.	2	.	1	2
1686	0	0	2	1	1	1	1	1	0	1	0	1	1	0	2
1687	3	0	3	1	0	0	1	2	1	2	1	4	2	2	4
1688	2	3	4	0	.	2	2	3	3	3	2	3	4	3	3
1689	1	0	3	0	0	0	1	1	0	1	1	2	1	1	0
1690	4	1	3	1	0	0	1	2	1	3	2	3	2	2	4
1691	2	1	3	0	0	0	2	2	1	3	2	2	2	2	2
1692	3	1	2	1	0	1	1	1	1	2	2	2	2	1	3
1693	2	0	1	.	0	0	2	0	1	3	1	1	0	0	1
1694	.	2	2	1	.	.	2	2	3	.	.	2	2	2	.
1695	0	0	3	1	0	0	2	2	1	3	0	2	3	2	3
1696	3	0	2	1	0	.	0	1	0	2	1	2	2	2	2
1697	.	2	.	2	.	.	4	4	3	4	4	3	3	3	4
1698	1	2	1	1	.	.	1	1	2	2	1	2	2	1	3
1699	0	0	0	1	0	.	2	1	1	3	0	2	2	4	2
1700	2	0	2	1	1	.	1	1	0	3	0	0	2	1	1
1701	0	0	3	.	1	.	2	.	1	0	0	1	1	2	0
1702	3	3	3	2	2	1	2	3	.	2	1	3	1	2	3
1703	.	.	0	.	.	.	.	.	.	4	.	.	.	.	.
1704	2	1	2	1	0	.	2	3	2	2	3	4	2	3	3
1705	3	2	2	1	2	2	.	1	0	4	4	3	4	4	2
1706	0	0	1	2	0	2	1	1	1	2	2	2	2	2	2
1707	0	0	3	.	0	.	1	2	0	3	0	0	0	0	3
1708	.	0	4	0	0	.	2	2	3	4	.	2	.	1	3
1709	4	2	2	0	0	0	2	1	.	2	2	1	2	1	3
1710	2	2	3	1	.	1	2	0	.	2	2	0	2	3	2
1711	2	2	.	.	.	.	2	.	.	.	.	.	.	.	.
1712	3	0	2	2	0	.	1	2	1	2	2	3	3	3	1
1713	2	2	2	0	0	.	2	2	1	2	2	2	2	.	2
1714	3	3	3	.	.	1	2	2	0	2	.	3	2	3	2
1715	.	.	.	1	.	.	2	.	.	.	.	4	.	.	.
1716	4	4	.	.	.	.	3	2	.	4	4	.	.	.	.
1717	0	1	1	.	0	0	1	1	1	1	0	2	0	1	2
1718	.	.	.	1	.	.	2	.	.	4	4	4	0	4	4
1719	.	.	.	.	.	.	.	.	.	.	.	.	.	.	.
1720	.	.	.	.	.	.	.	.	.	.	.	.	.	.	.
1721	2	4	3	1	.	0	2	2	0	.	.	.	.	.	.
1722	0	0	2	0	0	0	1	1	.	.	.	.	.	.	.
1723	1	0	1	.	.	.	.	.	.	.	.	.	.	.	.
1724	.	.	.	.	.	.	0	0	0	0	0	.	.	.	.
1725	1	4	0	.	0	0	2	2	0	1	2	2	2	3	3
1726	3	3	3	2	1	1	3	3	2	2	3	3	2	3	3
1727	0	0	1	1	0	0	0	0	1	2	0	0	0	0	0
1728	3	1	2	.	0	.	1	0	0	1	1	1	1	3	2
1729	3	3	0	.	0	0	3	3	0	.	.	0	.	.	.
1730	3	2	3	.	.	2	2	2	2	1	3	4	3	3	4
1731	4	2	2	1	2	2	4	4	2	4	2	4	3	4	3
1732	3	2	2	1	.	.	2	4	1	1	2	3	2	2	3
1733	3	4	0	1	.	.	0	3	0	4	2	4	4	3	4
1734	1	0	2	1	.	.	3	2	2	1	1	3	2	3	3
1735	.	0	2	.	0	.	2	1	3	0	.	2	0	1	1
1736	.	.	1	.	.	.	1	2	.	0	.	2	1	2	2
1737	1	0	0	1	0	0	3	2	0	0	0	2	2	1	4
1738	1	0	1	1	0	1	1	1	0	2	1	3	0	0	1
1739	1	0	0	1	.	0	2	1	.	1	0	2	1	1	1
1740	1	4	2	1	0	0	1	0	0	2	1	0	1	0	1
1741	0	0	1	1	0	0	2	1	1	2	0	.	1	1	3
1742	0	0	1	1	0	0	1	0	1	3	0	1	1	2	0
1743	1	0	1	0	0	.	1	0	1	1	0	2	0	2	2
1744	0	2	0	1	0	0	0	0	0	1	0	1	0	0	0
1745	.	.	.	0	.	.	.	1	0	.	.	.	.	.	.
1746	.	1	0	0	.	.	1	1	0	2	0	2	0	2	2
1747	0	0	0	0	0	.	1	1	0	1	1	1	1	1	0
1748	1	0	1	.	.	.	2	2	2	2	2	2	2	2	2
1749	4	2	4	2	2	.	.	4	3	4	.	4	.	.	4
1750	0	0	1	1	0	.	2	0	0	2	0	2	2	2	3
1751	1	1	3	1	0	1	2	1	1	1	2	4	1	2	1
1752	0	4	1	2	0	0	2	1	0	0	0	0	0	0	0
1753	2	3	1	1	1	.	2	1	1	2	1	2	2	2	2
1754	0	0	0	1	0	0	2	1	1	2	0	0	0	0	2
1755	1	2	3	.	0	.	2	2	2	2	1	2	4	3	3
1756	0	0	0	0	0	.	0	0	0	3	1	1	2	2	1
1757	0	3	0	1	0	.	2	2	1	1	0	2	3	2	1
1758	4	4	0	2	.	.	.	.	3	4	2	1	.	.	4
1759	3	1	1	2	0	.	1	1	0	2	1	1	0	0	1
1760	2	3	2	0	2	1	1	3	1	3	.	2	1	1	3
1761	1	3	2	0	0	.	2	2	3	2	2	4	0	3	4
1762	1	0	1	2	0	0	2	0	0	2	2	2	1	1	4
1763	0	0	0	.	0	0	1	0	0	2	2	0	0	0	4
1764	2	3	2	2	0	1	2	3	3	3	2	2	2	2	2
1765	2	1	2	1	1	.	1	0	.	3	.	1	.	1	.
1766	3	3	3	0	1	1	3	3	2	2	3	3	2	3	3
1767	2	3	0	2	.	.	0	1	.	0	2	1	1	1	3
1768	3	2	2	2	1	1	2	3	2	2	2	3	2	2	3
1769	4	4	4	2	1	2	3	4	1	4	4	4	4	4	4
1770	2	.	2	1	.	.	2	3	2	3	1	3	3	3	2
1771	3	4	3	1	.	1	1	3	.	3	.	.	.	.	.
1772	3	2	3	2	0	0	2	2	2	2	2	2	2	3	3
1773	2	1	3	1	1	1	4	2	0	3	3	3	3	2	4
1774	2	3	2	1	0	0	2	1	0	3	2	0	3	3	4
1775	3	3	3	2	2	2	3	3	3	3	3	3	3	3	3
1776	2	2	2	0	1	1	2	2	0	3	2	2	2	2	2
1777	3	0	4	0	0	0	2	2	1	3	0	3	3	3	3
1778	3	3	3	1	1	1	2	3	2	3	3	3	3	3	3
1779	3	2	3	1	0	0	2	3	1	3	2	2	3	2	2
1780	2	2	2	1	1	1	2	2	0	2	2	2	2	2	2
1781	.	.	.	.	.	.	.	.	.	.	.	.	.	.	.
1782	3	2	3	.	.	.	3	2	1	3	2	3	3	2	3
1783	4	1	3	.	.	0	0	0	1	2	2	3	1	1	0
1784	2	2	2	1	1	1	2	2	2	2	2	2	2	2	2
1785	.	.	.	.	.	.	.	.	.	.	.	.	.	.	.
1786	.	2	0	0	0	0	0	0	0	0	0	0	0	0	2
1787	1	1	1	0	.	0	1	1	0	2	2	1	1	1	1
1788	4	2	4	1	1	.	3	2	2	2	3	3	2	2	3
1789	4	2	3	1	0	.	2	3	2	4	4	4	4	4	4
1790	2	2	3	2	1	.	2	2	.	0	.	2	.	.	.
1791	4	0	2	0	0	.	1	1	1	3	4	2	2	1	2
1792	2	2	3	1	1	.	3	3	3	3	.	4	2	2	3
1793	4	4	3	2	2	2	4	4	3	4	4	4	3	3	3
1794	0	0	2	0	0	1	0	1	0	2	1	2	2	2	2
1795	3	2	1	2	0	2	.	4	1	3	3	1	4	2	1
1796	0	0	0	0	0	.	1	0	0	2	4	0	0	0	4
1797	3	3	3	1	0	0	2	2	2	4	0	1	2	2	2
1798	4	.	2	1	.	.	.	2	2	4	3	3	3	3	3
1799	2	0	1	0	0	0	2	1	0	3	0	1	0	1	2
1800	4	4	0	1	.	.	4	4	2	3	4	0	2	2	2
1801	4	3	4	1	0	0	1	2	0	4	3	3	2	2	2
1802	0	0	0	0	0	0	0	0	0	0	0	0	0	0	0
1803	3	2	3	1	1	0	3	2	1	4	3	4	2	3	3
1804	4	4	4	2	2	2	2	3	3	4	4	3	3	3	4
1805	4	4	3	1	0	0	0	0	0	3	0	1	.	.	.
1806	2	2	2	1	0	1	1	0	1	4	2	.	4	2	3
1807	.	.	4	2	.	0	.	.	.	.	.	.	.	.	.
1808	3	2	3	1	1	.	2	2	.	3	3	2	2	3	.
1809	4	2	4	1	0	2	1	3	2	2	4	4	4	4	3
1810	4	0	2	1	0	.	1	2	0	3	1	2	1	1	1
1811	4	3	4	2	.	0	3	2	2	3	3	3	3	3	4
1812	3	2	1	0	0	.	1	3	1	2	1	3	1	3	2
1813	2	2	0	2	1	.	4	0	3	1	3	0	1	0	4
1814	4	4	3	1	0	0	1	0	1	3	3	1	1	1	4
1815	3	2	4	2	2	.	3	2	3	3	3	4	3	3	4
1816	3	0	3	1	.	.	2	3	3	3	3	3	3	3	3
1817	4	2	2	1	0	2	3	4	0	3	3	1	2	2	3
1818	2	0	3	.	.	.	3	0	.	3	.	.	0	.	.
1819	1	1	0	0	0	0	0	0	0	2	0	0	0	0	0
1820	3	0	2	1	0	.	1	2	.	2	.	3	1	2	2
1821	2	2	3	0	.	1	3	2	1	3	3	4	3	4	3
1822	3	0	4	0	0	0	1	2	0	4	1	2	2	2	4
1823	3	2	2	1	0	.	2	3	2	3	2	3	3	3	4
1824	2	2	2	1	1	2	2	2	1	1	2	2	2	2	2
1825	3	0	1	0	.	.	3	2	0	4	2	3	2	2	3
1826	1	2	3	.	0	.	3	3	3	4	3	1	3	2	2
1827	2	0	3	1	1	1	1	0	2	4	3	0	2	1	3
1828	0	2	0	1	0	0	0	1	0	4	0	0	2	0	4
1829	0	1	2	1	0	0	0	0	1	2	0	0	0	0	2
1830	2	4	2	2	1	2	0	2	.	4	4	.	3	2	3
1831	.	.	.	0	0	.	.	.	0	.	.	.	.	.	.
1832	4	0	2	0	0	.	1	2	0	3	0	2	0	1	0
1833	.	0	1	1	.	.	.	.	.	4	2	3	4	3	4
1834	2	2	2	.	0	.	0	2	3	2	4	0	.	.	.
1835	2	2	2	1	0	1	3	3	1	4	3	3	2	2	3
1836	4	3	2	1	.	2	2	3	2	4	4	4	2	2	2
1837	1	2	1	0	0	.	2	1	0	4	2	1	2	2	3
1838	.	.	.	.	.	.	.	.	.	.	.	.	.	.	.
1839	0	0	2	1	.	1	1	0	0	3	1	1	2	0	2
1840	3	0	2	0	0	0	2	1	1	3	2	1	1	1	3
1841	4	4	4	1	1	1	2	2	0	0	0	0	2	2	2
1842	2	2	.	1	1	1	3	3	3	4	0	2	2	2	2
1843	3	.	1	1	1	1	0	0	3	.	.	1	.	.	.
1844	3	1	3	1	1	.	2	2	2	4	3	2	2	1	2
1845	2	1	1	1	0	0	1	1	1	.	.	3	3	3	3
1846	4	2	2	1	0	0	2	2	0	4	3	2	1	1	4
1847	1	2	.	0	0	.	1	0	1	2	1	.	2	3	1
1848	3	0	3	1	.	.	1	3	1	4	3	2	3	2	1
1849	4	1	2	0	.	2	1	3	0	.	.	2	2	2	4
1850	4	3	2	.	.	.	3	3	2	4	3	3	2	2	.
1851	2	1	1	1	1	1	2	2	0	4	4	2	.	.	.
1852	3	1	2	0	0	1	1	2	1	3	.	1	2	.	3
1853	4	2	2	1	0	.	1	0	0	2	1	2	1	2	.
1854	3	0	2	0	1	0	0	0	2	1	2	0	2	2	0
1855	4	0	3	1	.	2	2	2	0	4	.	1	2	0	2
1856	2	2	3	1	.	.	1	3	.	2	3	3	2	2	4
1857	.	.	.	1	0	.	3	.	.	.	.	1	2	2	2
1858	4	4	4	2	2	2	4	4	3	4	4	4	4	4	4
1859	0	0	3	1	0	2	3	4	2	4	0	4	3	4	4
1860	4	0	4	1	.	.	2	2	0	1	4	3	2	1	4
1861	1	1	2	0	0	.	2	2	2	2	3	2	.	2	2
1862	4	3	2	1	.	2	2	2	1	2	3	2	2	3	4
1863	.	.	3	2	2	2	2	2	2	3	.	0	4	4	4
1864	2	3	2	1	.	.	2	1	.	4	3	2	2	2	2
1865	3	2	2	1	.	.	2	3	1	.	.	2	2	2	2
1866	0	0	1	0	0	0	1	1	0	2	1	2	1	1	1
1867	4	3	2	2	1	1	3	4	3	4	4	3	4	3	2
1868	3	1	2	2	1	0	.	.	.	.	.	.	.	.	.
1869	3	3	3	0	.	.	2	1	2	2	1	2	2	2	3
1870	2	2	4	.	2	2	.	4	3	2	4	3	4	4	4
