1	2	1	4	1	0	0	2	2	0	2	2	3	4	4	4	3
2	1	1	2	1	1	1	2	2	1	2	2	1	1	1	1	2
3	.	.	.	.	.	.	.	0	.	.	.	.	.	.	0	.
4	4	0	3	2	1	1	3	1	0	4	2	2	4	2	2	2
5	.	.	.	.	.	.	.	.	.	.	.	.	.	.	.	.
6	1	2	2	1	0	1	2	2	1	.	.	2	2	2	2	2
7	3	0	1	1	.	0	2	3	2	2	1	3	2	0	3	3
8	4	4	4	2	2	2	2	2	1	3	3	1	3	3	2	2
9	3	0	0	.	.	.	2	2	3	1	1	4	3	3	4	3
10	1	0	0	0	1	0	.	1	1	2	0	3	3	1	2	3
11	2	3	3	1	1	1	2	1	1	2	2	3	3	2	2	1
12	2	2	2	.	.	.	2	2	.	.	2	.	.	2	2	2
13	2	1	4	0	1	2	2	4	1	2	2	3	3	3	4	2
14	1	0	3	1	0	0	0	0	0	1	0	1	1	1	1	3
15	1	0	4	0	0	0	1	1	2	3	1	1	2	2	4	3
16	.	.	.	.	.	.	.	.	.	.	.	.	.	.	.	.
17	3	0	2	1	1	1	1	2	1	2	2	2	2	2	2	2
18	3	3	3	1	1	1	2	2	3	2	2	2	2	2	2	2
19	2	2	2	1	0	.	2	2	2	4	2	.	.	.	.	2
20	4	0	0	0	0	0	0	0	.	2	0	0	0	0	0	4
21	4	4	4	1	1	2	4	4	2	0	3	3	4	3	4	3
22	4	0	1	.	.	.	3	1	2	1	4	1	0	0	0	4
23	1	0	.	2	2	.	2	3	.	3	.	2	.	.	2	2
24	1	0	2	.	.	.	2	3	0	2	.	2	0	0	2	4
25	1	0	2	.	1	0	0	1	2	1	2	1	2	2	4	2
26	1	0	2	2	.	.	1	.	.	2	1	1	.	2	3	3
27	3	1	2	0	.	.	2	3	1	2	2	4	3	3	2	3
28	3	4	3	1	0	2	2	4	1	4	4	.	2	2	3	2
29	.	.	3	2	2	2	2	2	3	.	.	4	4	4	.	2
30	2	0	3	1	.	.	1	2	2	2	1	2	2	1	1	2
31	4	1	2	1	0	.	1	2	2	3	4	3	3	4	4	3
32	3	1	3	0	0	0	2	2	1	1	2	3	2	2	2	3
33	3	1	3	0	.	.	2	2	1	1	2	3	0	1	4	2
34	2	1	2	1	0	.	1	2	3	2	2	4	4	4	4	3
35	3	0	4	1	1	0	2	1	2	2	1	3	2	2	1	3
36	3	1	2	.	0	1	1	3	2	3	2	3	3	3	3	2
37	0	0	3	1	0	0	1	3	0	0	0	2	0	2	3	3
38	2	2	2	.	.	.	.	.	1	0	0	.	.	.	.	.
39	.	1	1	2	.	2	.	1	2	1	1	0	4	1	.	.
40	.	0	3	1	0	.	1	3	1	0	2	2	0	0	2	3
41	1	1	0	1	.	.	2	1	1	1	0	1	1	0	0	4
42	1	3	2	1	1	1	2	2	1	3	1	2	2	2	2	2
43	.	.	.	.	.	.	.	.	.	.	.	.	.	.	.	.
44	1	2	3	2	.	.	2	3	.	2	2	2	2	3	3	3
45	4	1	3	1	1	2	2	2	3	2	3	4	3	3	4	1
46	3	3	1	.	.	.	1	1	.	2	2	.	0	1	3	3
47	3	2	3	2	.	0	3	4	2	2	1	3	3	2	2	3
48	.	.	3	.	.	.	1	2	.	2	2	2	2	2	3	2
49	.	1	2	1	.	0	2	2	2	2	2	3	1	2	4	4
50	1	1	2	.	.	.	.	.	.	1	1	.	.	.	.	.
51	1	0	2	1	1	.	1	2	3	2	2	2	2	2	.	3
52	1	2	1	1	.	.	0	0	.	1	0	2	1	2	0	3
53	4	3	1	.	.	1	3	3	1	1	.	1	3	1	3	3
54	2	1	2	1	1	1	2	2	0	2	2	0	2	4	3	2
55	4	2	0	1	0	2	4	0	2	4	3	2	3	2	1	4
56	4	.	1	1	0	1	1	3	.	2	.	2	3	3	3	3
57	2	3	2	1	0	0	2	2	1	2	2	3	2	2	2	2
58	0	0	2	.	0	2	1	0	0	1	0	0	0	0	4	3
59	2	0	3	1	0	.	2	4	1	2	3	4	4	3	4	3
60	3	3	3	1	2	.	2	3	1	2	2	3	2	2	2	4
61	1	.	1	0	.	.	1	0	1	.	.	1	2	2	2	2
62	2	0	2	1	2	0	2	0	2	0	.	.	4	3	3	3
63	3	1	1	0	.	.	0	3	.	1	3	0	2	0	2	4
64	4	4	3	1	2	2	4	4	3	4	4	3	3	4	4	3
65	3	0	3	1	0	.	1	0	0	2	.	1	1	1	1	4
66	1	0	1	0	.	.	2	1	2	2	0	1	3	3	2	3
67	2	1	0	1	0	.	0	2	.	2	.	1	2	1	0	3
68	3	2	3	2	1	1	1	2	1	1	2	1	4	1	3	2
69	3	3	2	1	1	1	1	3	2	2	1	3	2	3	2	1
70	4	3	2	1	1	1	2	3	2	2	3	4	4	3	4	2
71	4	1	3	1	1	.	2	3	3	1	3	4	3	4	3	2
72	.	.	2	0	0	0	.	2	.	0	.	3	.	.	1	2
73	2	0	3	0	.	.	1	0	1	1	0	1	2	2	1	3
74	4	0	2	1	.	1	1	1	0	3	.	3	0	1	2	4
75	0	0	1	1	1	.	1	0	0	1	0	1	0	0	0	2
76	2	2	2	1	0	1	2	2	3	2	2	1	2	3	1	3
77	1	1	2	1	.	.	2	2	.	2	2	2	2	2	3	2
78	3	2	4	1	1	.	2	3	.	4	2	3	2	4	2	3
79	1	0	3	2	0	0	1	2	.	2	.	2	2	2	2	3
80	3	0	3	1	0	1	1	3	1	1	0	3	2	1	1	1
81	0	0	0	2	0	0	0	1	0	1	0	0	0	0	1	1
82	2	0	2	0	0	1	1	1	1	2	2	1	2	2	2	3
83	2	0	3	1	.	.	3	3	.	2	1	2	4	2	3	1
84	2	0	3	.	1	2	2	3	1	2	1	4	2	2	3	2
85	.	1	1	.	0	.	1	2	0	.	.	1	.	2	.	.
86	3	0	1	0	.	0	1	2	.	2	2	2	.	2	.	4
87	3	0	2	0	.	.	2	4	2	2	2	4	3	4	3	1
88	2	0	1	1	1	1	3	3	1	2	3	4	3	2	3	3
89	3	3	3	2	1	1	2	2	2	4	2	4	3	3	4	2
90	0	.	1	1	0	.	0	0	0	2	1	1	1	2	2	3
91	.	1	1	1	0	.	3	2	2	1	1	3	2	2	.	3
92	4	2	3	1	.	1	4	4	3	4	3	4	4	4	3	3
93	4	.	3	2	.	1	2	3	2	3	3	3	4	4	2	2
94	4	3	4	2	1	2	3	4	3	2	3	4	3	3	3	2
95	1	4	4	1	1	2	2	4	2	3	4	3	3	0	2	2
96	1	0	0	1	0	0	1	2	1	1	1	2	2	1	4	3
97	.	.	.	.	.	.	.	.	.	.	.	.	.	.	.	.
98	2	2	2	1	1	1	2	2	1	2	2	2	2	2	2	2
99	.	.	.	.	.	.	.	.	.	.	.	.	.	.	.	.
100	2	2	2	.	.	.	1	1	1	2	2	.	.	.	.	1
101	.	.	.	.	.	.	.	.	.	.	.	.	.	.	.	.
102	4	4	3	2	1	2	4	4	.	4	4	4	4	2	2	3
103	2	2	3	2	0	1	1	1	0	2	2	3	4	3	1	.
104	4	3	4	2	1	2	4	4	1	3	1	0	2	2	4	1
105	1	0	3	1	.	0	1	2	.	1	2	3	2	2	3	3
106	3	3	3	2	2	2	3	3	3	1	2	.	.	.	.	3
107	.	.	.	1	.	.	3	3	.	2	.	2	3	.	4	2
108	.	.	3	1	.	.	3	3	3	.	3	3	.	.	.	.
109	2	2	2	1	1	1	2	2	.	.	.	.	.	.	.	2
110	3	3	4	1	0	0	1	3	1	1	1	3	4	4	4	2
111	1	3	1	2	1	0	2	0	1	4	3	1	4	3	1	3
112	1	0	1	2	1	0	1	1	0	1	0	.	.	.	.	.
113	0	0	1	.	0	1	0	0	0	1	0	1	1	1	1	3
114	1	4	2	0	0	0	1	3	1	1	1	3	0	3	2	1
115	.	2	2	1	1	1	2	2	2	2	2	2	2	2	2	2
116	2	2	.	0	.	.	2	1	0	1	.	.	2	.	1	3
117	2	0	2	1	1	2	0	1	.	.	.	.	.	.	.	4
118	3	3	3	1	.	2	3	3	2	3	2	4	4	4	3	1
119	3	2	1	1	0	2	4	2	0	2	3	1	2	3	3	3
120	2	2	2	0	1	1	1	2	1	3	3	2	2	2	2	2
121	2	0	4	0	0	2	0	2	0	1	1	1	1	1	0	2
122	2	3	4	2	0	.	0	1	1	2	1	3	3	2	3	2
123	.	.	0	1	0	1	1	1	0	1	0	1	.	.	.	3
124	3	2	3	2	1	2	2	3	1	2	2	3	2	2	2	3
125	3	0	1	2	.	1	1	1	.	2	3	.	2	3	4	3
126	2	2	0	2	1	2	4	4	2	4	3	1	4	2	2	2
127	3	1	2	1	1	2	2	2	1	1	2	4	2	2	3	3
128	3	4	0	1	0	2	4	1	1	3	0	2	1	2	4	3
129	.	0	2	0	1	2	4	4	3	4	3	4	4	4	4	2
130	3	.	2	.	.	1	.	.	.	2	.	.	.	.	.	.
131	3	1	3	1	0	.	1	1	0	2	2	2	2	2	2	2
132	2	1	2	1	1	1	1	1	0	3	1	1	.	1	1	2
133	3	0	1	1	1	2	2	4	0	4	1	2	1	1	3	3
134	3	2	3	1	1	2	2	2	3	3	3	3	3	3	3	3
135	.	1	1	1	0	0	1	0	3	2	1	1	0	0	.	3
136	2	0	2	0	0	.	2	2	1	2	0	1	2	2	3	2
137	4	.	3	.	.	2	2	3	.	3	2	2	3	3	2	1
138	4	2	3	1	0	.	2	3	0	3	1	3	2	2	3	3
139	2	1	.	.	1	.	.	2	.	1	1	2	.	.	2	1
140	3	0	.	2	0	1	1	0	0	2	0	3	1	0	2	0
141	1	2	2	1	.	.	1	2	.	2	.	2	2	1	2	3
142	2	.	2	.	.	1	2	3	.	2	.	2	2	2	2	2
143	2	1	0	2	1	2	2	0	1	2	1	.	1	0	0	3
144	1	1	2	.	.	.	.	.	.	.	.	.	.	.	.	.
145	4	4	4	0	1	1	3	3	2	2	2	3	2	3	2	2
146	4	2	1	1	.	.	3	2	2	2	1	2	2	2	4	3
147	.	3	2	0	1	2	1	4	.	2	.	1	1	2	.	1
148	2	2	1	1	0	0	2	1	0	2	1	1	1	1	3	3
149	2	2	2	1	1	1	1	4	1	4	2	3	3	3	3	3
150	2	2	2	.	.	1	2	2	.	1	2	4	2	3	4	3
151	.	4	1	1	.	.	1	0	.	2	.	1	2	.	.	2
152	.	.	2	.	.	.	.	.	.	.	.	.	.	.	.	.
153	2	2	2	1	1	1	2	2	1	2	2	2	2	2	2	2
154	2	3	.	.	.	2	2	0	0	0	3	2	2	2	2	3
155	2	2	0	0	1	2	1	2	1	2	2	1	2	1	2	3
156	.	.	.	1	.	.	2	2	.	1	2	.	1	2	1	2
157	2	1	2	0	0	.	1	3	1	1	2	2	4	2	1	2
158	2	2	2	1	1	0	2	2	1	2	2	2	1	1	2	2
159	3	3	3	2	2	2	3	3	3	2	3	3	3	3	3	3
160	0	0	0	1	0	0	0	0	2	0	1	0	0	1	1	4
161	2	4	4	2	1	2	3	4	1	0	4	4	4	4	4	3
162	0	0	1	0	0	0	0	0	0	0	0	2	0	0	3	4
163	0	0	4	1	0	0	3	3	1	0	0	2	0	0	0	3
164	2	2	2	1	1	1	2	2	0	0	1	1	2	2	2	2
165	0	0	0	0	0	0	0	1	0	2	0	2	0	3	.	4
166	2	2	0	1	1	1	2	2	.	0	0	2	2	2	2	2
167	0	0	0	2	1	2	0	0	0	1	1	2	4	3	4	4
168	2	1	1	0	0	.	0	2	0	1	1	2	2	2	4	2
169	1	0	3	0	0	.	1	0	0	0	0	0	0	0	3	4
170	1	0	2	.	.	1	1	1	.	1	0	1	1	1	3	2
171	.	0	3	0	0	0	0	0	0	0	.	.	0	0	2	4
172	2	2	2	1	1	1	2	2	.	1	0	3	4	2	2	3
173	0	0	2	1	0	.	3	2	0	1	0	3	2	3	4	3
174	3	0	0	1	.	.	3	4	.	0	0	0	0	0	4	4
175	3	2	3	1	0	.	1	3	3	1	3	4	3	3	4	3
176	1	1	1	0	0	0	1	1	0	1	1	1	1	1	1	1
177	4	4	4	1	.	.	4	2	3	2	4	3	4	4	4	2
178	1	.	0	2	1	1	4	1	1	1	1	3	2	2	3	2
179	0	0	2	0	0	.	1	2	3	0	0	1	0	2	4	4
180	1	0	3	0	0	0	1	2	0	2	1	1	1	1	2	1
181	0	0	1	1	.	.	0	0	0	0	3	0	0	0	2	2
182	1	1	2	1	1	.	2	2	1	1	2	4	3	3	4	2
183	2	.	2	1	0	.	1	1	1	1	1	2	2	2	1	1
184	1	2	1	1	1	0	2	1	3	1	2	2	2	3	2	2
185	.	.	1	0	.	0	2	3	2	2	.	4	.	3	4	4
186	0	0	2	1	0	.	1	1	0	0	0	0	0	0	3	3
187	3	1	2	1	0	1	2	2	.	1	1	3	3	2	2	2
188	3	2	0	0	0	.	2	0	1	0	1	1	2	2	1	3
189	3	4	3	1	0	.	2	4	2	1	2	2	2	3	3	3
190	.	.	3	0	.	0	2	2	1	0	.	3	0	2	4	4
191	2	1	3	1	.	.	2	3	3	3	3	3	3	4	3	3
192	2	3	3	2	1	1	2	2	.	1	.	3	2	3	3	3
193	0	0	1	1	0	0	0	2	1	0	3	1	3	0	3	1
194	3	2	2	1	2	1	1	2	2	2	2	2	2	3	2	3
195	1	0	1	0	0	0	3	1	1	1	1	2	1	2	2	3
196	0	0	1	0	0	0	0	.	2	0	1	0	0	1	1	4
197	2	1	2	1	0	1	2	1	1	1	2	1	2	1	3	3
198	2	0	1	0	0	0	2	1	2	0	2	1	1	1	1	2
199	3	.	.	1	.	.	2	.	0	2	2	3	2	2	3	3
200	.	.	.	.	.	.	.	.	.	.	.	.	.	.	.	.
201	.	.	.	.	.	.	.	.	.	.	.	.	.	.	.	.
202	.	.	.	.	.	.	.	.	.	.	.	.	.	.	.	.
203	2	2	2	0	0	0	2	2	0	0	0	0	0	0	0	2
204	1	0	1	0	0	0	1	4	0	2	1	4	1	1	3	4
205	4	3	4	0	1	0	3	3	2	3	3	3	3	3	2	3
206	0	0	3	0	0	0	1	1	0	2	0	1	0	0	2	3
207	0	0	2	1	0	0	1	1	0	2	1	3	1	1	2	2
208	1	0	3	0	.	0	2	3	2	2	2	3	2	2	3	2
209	0	.	0	0	0	0	1	0	0	2	0	0	0	0	0	3
210	1	2	2	.	.	.	2	2	.	.	2	2	3	2	2	3
211	0	0	1	0	0	0	3	3	0	2	0	3	0	2	4	3
212	0	0	3	1	0	0	2	1	0	2	0	2	2	2	3	3
213	2	1	0	0	.	.	0	2	1	2	2	2	.	1	3	3
214	.	1	1	0	.	0	.	2	.	2	1	1	.	3	2	2
215	1	0	2	1	0	1	1	2	.	2	2	3	2	2	4	2
216	0	0	3	.	.	.	0	1	.	2	1	3	.	.	3	2
217	2	0	2	.	.	.	1	1	1	2	0	2	2	1	2	3
218	3	0	4	0	0	.	1	3	0	2	2	3	2	2	3	3
219	1	1	3	1	1	.	3	1	3	3	3	2	2	1	3	2
220	1	2	3	1	0	1	1	1	0	2	1	1	2	2	3	3
221	0	0	1	1	0	0	1	1	0	1	3	4	0	0	2	3
222	0	0	3	0	0	.	1	0	0	2	0	1	2	1	1	3
223	0	0	2	0	0	.	1	1	2	2	2	3	2	3	0	1
224	0	.	2	1	.	0	2	0	.	2	0	1	2	2	2	3
225	3	3	2	1	0	1	3	3	.	3	3	3	3	3	3	2
226	2	0	2	0	.	.	2	0	1	2	2	0	0	0	4	4
227	2	2	4	2	.	.	2	2	2	2	3	3	2	3	3	3
228	2	2	0	1	0	0	1	1	0	1	0	0	0	0	0	2
229	.	.	.	0	0	.	2	3	3	2	.	3	0	.	4	3
230	.	.	2	0	0	.	2	2	1	2	2	3	3	2	4	2
231	1	1	2	0	.	.	2	3	.	2	.	.	.	2	1	3
232	2	1	2	1	.	.	.	.	.	.	.	.	.	.	.	.
233	4	2	2	1	0	.	1	4	0	3	2	4	3	3	1	3
234	4	3	2	2	.	.	2	2	1	2	2	2	3	2	2	2
235	.	.	.	0	0	0	3	3	2	1	0	2	.	2	3	2
236	3	1	2	0	0	0	1	1	0	1	0	1	1	0	1	3
237	2	1	2	0	0	0	2	1	2	2	1	1	1	2	4	3
238	2	0	2	0	0	0	2	2	0	2	1	1	2	1	2	4
239	0	0	0	0	0	1	1	1	0	2	0	3	1	1	2	3
240	0	0	1	0	0	0	0	0	0	3	0	1	0	1	.	3
241	1	2	4	0	1	0	1	3	0	1	0	3	1	2	3	3
242	0	0	1	0	0	.	1	1	1	1	4	1	1	2	4	3
243	2	0	4	1	0	0	2	2	0	1	2	1	1	2	2	4
244	2	3	3	1	2	1	2	4	0	3	.	2	3	3	2	4
245	0	2	3	0	0	0	2	0	0	0	0	1	0	0	1	2
246	2	0	0	0	0	.	0	0	0	0	1	0	0	0	1	4
247	3	1	4	1	.	1	2	3	2	4	2	4	3	3	3	3
248	.	.	.	0	0	0	0	0	0	1	0	1	.	1	2	4
249	3	2	2	0	0	0	2	3	1	1	.	3	2	1	2	3
250	0	0	3	1	.	.	2	2	0	2	1	4	2	2	4	2
251	3	0	2	1	0	.	2	0	2	3	0	2	2	1	4	1
252	4	4	1	0	.	.	3	4	3	3	.	3	2	3	3	3
253	2	1	0	2	1	2	2	0	.	4	.	1	4	3	1	3
254	1	0	3	1	0	2	2	2	1	3	2	3	3	3	2	3
255	.	0	0	0	.	.	2	2	0	3	1	2	1	1	1	3
256	2	4	4	1	1	.	3	3	2	4	3	2	3	4	4	2
257	0	0	4	.	0	.	0	1	1	1	0	2	1	2	3	3
258	2	2	0	2	0	0	0	0	2	2	1	2	2	2	2	0
259	1	1	4	0	.	.	2	2	0	2	2	4	2	3	4	3
260	3	0	3	.	0	.	2	1	2	2	2	3	2	1	3	3
261	1	0	1	0	0	.	2	0	0	1	.	0	0	1	0	3
262	4	2	2	1	0	0	3	3	0	4	2	4	0	2	4	3
263	0	2	3	.	.	.	2	3	1	3	3	4	3	3	4	3
264	1	2	3	0	.	1	2	1	0	1	1	2	2	2	3	1
265	2	3	.	0	.	1	0	3	3	3	3	1	3	3	3	3
266	3	4	2	.	.	.	2	2	0	2	2	3	2	2	3	3
267	1	0	3	0	0	2	2	3	0	2	.	0	0	0	0	4
268	.	.	2	.	.	1	2	2	3	2	.	4	4	4	4	2
269	.	.	0	.	.	.	.	.	.	.	.	.	.	.	.	.
270	0	0	3	.	.	.	0	0	0	1	0	1	0	1	.	3
271	4	4	3	1	.	.	3	4	3	2	3	4	3	3	4	3
272	0	0	2	0	0	.	0	2	0	2	0	.	.	0	.	2
273	3	1	3	1	.	.	2	1	3	2	1	2	2	2	3	3
274	3	2	3	0	.	.	2	3	1	3	2	2	.	.	2	1
275	3	2	1	1	.	1	1	0	2	0	2	0	1	0	1	2
276	3	4	2	0	0	0	2	2	0	2	2	2	2	1	3	2
277	3	2	1	.	0	0	1	1	1	2	4	3	1	2	1	3
278	0	0	2	0	0	1	1	1	0	1	0	0	0	1	3	2
279	1	.	3	1	0	0	2	2	0	1	2	2	0	2	1	2
280	2	0	0	1	0	1	0	1	0	0	0	1	0	2	1	1
281	0	0	3	0	0	0	1	2	0	2	0	.	.	.	.	4
282	2	2	3	0	0	0	2	3	2	2	3	4	3	3	2	3
283	2	3	1	.	.	.	2	2	2	2	2	2	0	2	3	3
284	.	.	4	.	.	.	2	3	.	2	.	4	.	3	3	3
285	0	0	3	0	0	0	1	2	0	3	0	4	1	2	2	2
286	3	1	3	1	0	1	2	1	0	2	0	1	1	1	4	3
287	4	2	1	0	0	.	2	1	1	2	3	1	3	3	.	2
288	.	2	2	.	.	.	2	1	1	1	0	3	2	3	3	2
289	1	3	0	0	0	0	.	.	1	0	0	0	0	1	.	.
290	3	4	0	2	0	2	1	2	0	3	2	3	2	3	3	3
291	1	0	2	1	0	0	0	2	1	2	.	2	0	0	2	2
292	0	0	0	0	0	0	0	0	0	1	0	0	0	0	0	0
293	3	1	0	1	.	.	1	1	0	4	.	1	2	1	2	2
294	2	2	3	1	.	.	2	2	2	2	2	2	2	2	2	2
295	1	1	2	0	0	0	1	0	0	2	2	3	1	1	1	4
296	.	1	3	.	.	.	2	2	.	2	2	3	.	.	.	3
297	3	0	3	2	0	.	1	3	1	2	1	2	4	3	2	3
298	3	0	3	.	0	1	0	1	1	4	3	2	0	1	1	2
299	1	1	4	1	0	.	3	2	1	2	2	3	2	2	1	1
300	2	2	3	.	.	.	3	4	1	3	1	3	3	3	2	2
301	3	0	2	0	0	0	1	1	0	2	1	0	0	0	0	3
302	3	3	2	.	.	.	3	1	1	3	.	0	1	2	1	0
303	3	1	2	1	0	.	2	3	0	3	2	2	2	1	3	3
304	3	1	3	1	0	.	2	2	0	2	.	2	.	2	3	2
305	4	0	2	0	0	0	2	2	.	4	.	2	2	2	3	4
306	2	0	2	1	0	0	2	1	0	1	1	0	1	1	0	3
307	2	0	3	1	.	.	1	0	0	3	1	2	2	2	3	2
308	2	.	4	.	.	.	2	3	0	3	0	4	3	3	3	2
309	2	.	2	0	0	.	1	3	0	2	0	1	2	0	3	2
310	2	2	2	0	.	.	0	2	0	2	2	.	.	.	2	3
311	0	0	3	.	0	.	1	2	1	1	1	2	.	2	2	4
312	3	2	2	1	0	.	3	3	1	1	.	1	.	3	2	3
313	2	0	3	.	.	.	2	2	0	1	0	2	1	1	2	2
314	2	1	2	0	0	.	2	2	0	2	1	3	0	0	3	3
315	3	1	4	0	0	0	3	3	2	3	2	3	4	3	2	1
316	1	0	2	1	0	.	0	2	1	2	3	1	2	2	0	4
317	4	4	4	.	0	.	3	2	2	3	2	3	2	2	1	2
318	.	2	2	.	.	.	.	.	.	.	.	.	.	.	.	4
319	3	3	1	0	0	1	2	2	2	3	3	3	0	3	3	3
320	4	4	4	1	2	2	4	4	3	4	4	4	4	3	3	.
321	2	3	3	1	1	1	2	1	0	1	2	2	2	2	3	1
322	2	0	0	0	0	0	1	0	0	0	.	0	1	2	3	1
323	2	1	2	0	0	0	2	0	1	2	2	0	1	0	1	3
324	4	4	2	2	.	.	2	2	3	4	4	2	4	2	4	1
325	2	.	2	2	0	0	0	0	0	1	1	0	0	1	3	3
326	2	2	2	1	0	.	2	0	0	2	2	0	2	1	1	1
327	.	0	0	.	.	.	0	3	0	.	.	.	.	3	3	4
328	3	1	2	.	.	.	2	3	1	2	2	2	1	1	2	3
329	3	2	2	.	.	.	2	0	.	2	0	.	2	2	0	3
330	3	2	3	.	.	.	2	2	0	2	0	3	3	2	.	2
331	1	1	2	0	.	.	1	0	0	1	1	1	1	0	0	3
332	2	2	2	0	.	.	1	0	0	2	2	0	2	1	0	3
333	2	0	2	0	.	.	1	3	.	3	1	3	4	4	3	2
334	1	0	1	0	0	0	0	2	0	3	0	2	1	2	.	3
335	4	1	2	2	1	0	2	.	1	3	2	2	.	3	4	2
336	3	3	3	0	1	2	2	0	0	2	3	2	4	2	4	3
337	2	0	0	0	0	0	1	0	1	2	0	.	.	.	.	3
338	3	0	2	.	0	1	1	3	2	2	2	3	2	3	1	2
339	3	2	1	0	0	.	2	2	1	2	2	2	2	2	2	3
340	4	3	4	.	2	.	2	4	2	2	3	3	2	2	.	4
341	2	0	2	1	0	.	2	2	.	2	2	.	2	0	3	2
342	2	2	1	1	0	.	1	1	1	2	.	1	1	0	1	1
343	4	0	3	1	0	1	3	2	2	2	0	3	0	2	3	1
344	0	2	3	1	0	.	2	1	0	2	2	0	2	2	0	2
345	3	1	1	1	0	0	0	1	0	1	1	1	1	2	1	3
346	4	3	2	1	.	1	3	3	2	2	2	3	2	3	2	2
347	.	.	.	.	.	.	.	.	.	.	.	.	.	.	.	.
348	.	.	.	.	.	.	.	.	.	.	.	.	.	.	.	.
349	0	0	1	0	0	0	1	0	1	0	1	0	1	0	0	4
350	4	4	4	2	1	1	0	3	1	1	2	4	4	4	4	3
351	.	.	.	.	.	.	.	.	.	.	.	.	.	.	.	.
352	0	0	0	0	0	0	.	0	0	0	0	0	0	0	0	.
353	3	3	2	1	1	1	2	0	0	3	3	3	2	3	2	2
354	4	4	3	1	0	1	2	3	2	.	.	3	3	3	3	3
355	2	2	2	1	1	1	2	2	2	2	2	2	2	2	2	2
356	.	4	4	2	2	2	4	4	3	4	4	.	4	4	4	4
357	3	3	2	1	.	1	3	3	3	2	2	2	2	2	3	1
358	4	0	4	0	.	.	0	0	.	1	3	1	1	1	2	4
359	1	1	1	1	.	.	0	0	1	0	1	1	1	1	1	1
360	4	2	1	0	0	1	2	2	1	3	2	3	2	2	3	2
361	.	.	.	.	.	.	.	.	.	.	.	.	.	.	.	.
362	.	.	.	.	.	.	.	.	.	.	.	.	.	.	.	.
363	.	.	.	1	1	1	1	1	0	1	3	0	.	2	.	3
364	2	0	2	0	.	0	3	2	2	3	1	4	2	2	2	2
365	3	2	3	0	1	0	2	4	2	3	2	2	3	1	2	2
366	4	2	4	2	1	2	1	3	3	1	2	3	3	4	3	3
367	3	2	2	1	0	1	1	2	2	2	1	1	2	3	3	3
368	4	3	3	1	1	1	2	2	1	2	3	3	3	4	3	3
369	2	2	3	0	0	0	2	3	3	0	2	3	2	3	2	3
370	2	2	2	0	0	0	2	2	2	2	2	2	2	2	2	2
371	1	0	1	.	.	0	1	0	1	2	3	2	1	1	1	2
372	.	.	.	.	.	.	2	2	3	3	.	2	.	.	.	3
373	2	1	2	2	0	.	0	2	1	4	1	2	1	0	1	2
374	3	2	2	1	.	.	2	2	.	2	3	3	3	2	3	2
375	3	3	3	1	1	1	2	2	2	3	2	3	3	3	3	2
376	0	0	2	1	.	0	0	0	0	3	2	1	1	1	2	4
377	.	.	.	.	.	.	.	.	.	.	.	.	2	2	2	.
378	4	1	2	0	0	2	2	1	.	2	2	1	2	1	3	3
379	3	4	2	0	1	0	1	2	3	3	4	4	4	4	4	2
380	3	0	3	0	0	1	0	0	0	1	1	1	2	2	2	4
381	2	2	3	1	0	1	3	1	.	2	3	1	.	.	.	3
382	2	1	2	1	1	1	2	2	1	1	2	.	2	2	3	2
383	.	.	3	.	0	1	2	1	1	0	2	1	1	.	3	3
384	2	3	1	0	1	0	2	0	1	0	1	3	3	2	0	3
385	.	.	.	.	.	.	.	.	.	.	.	.	.	.	.	.
386	3	2	1	.	0	1	2	0	1	4	1	3	.	0	2	3
387	4	3	3	2	0	.	1	3	3	2	4	3	2	2	1	2
388	4	.	4	.	.	.	.	3	.	3	.	2	3	3	2	3
389	4	2	3	1	1	1	2	3	2	1	3	2	3	2	2	1
390	1	0	1	.	.	1	0	0	0	0	2	1	0	0	0	4
391	2	2	2	0	0	0	2	2	.	2	0	2	2	2	2	2
392	.	.	0	1	0	.	.	.	.	2	2	3	.	1	2	2
393	3	0	1	0	.	1	1	1	1	2	2	1	1	0	1	3
394	1	2	2	1	0	.	1	1	.	1	0	2	2	2	1	1
395	4	3	3	0	0	.	3	2	0	3	1	2	3	3	3	2
396	3	1	2	1	0	0	0	1	0	2	3	0	1	1	0	3
397	.	.	.	.	.	.	.	.	.	.	.	.	.	.	.	.
398	3	0	3	1	1	1	3	3	2	2	3	3	3	3	3	3
399	4	1	3	1	.	0	1	2	3	2	3	3	1	1	2	3
400	.	.	.	.	.	.	.	.	.	.	.	.	.	.	.	.
401	2	0	1	.	0	2	1	1	3	2	2	2	.	.	2	3
402	4	2	2	0	.	2	2	0	1	1	2	2	2	2	2	3
403	3	4	4	2	.	.	3	3	3	3	3	4	3	3	4	3
404	2	1	2	2	1	.	2	3	1	2	1	2	2	2	1	3
405	4	3	3	.	.	2	1	1	3	3	0	3	3	4	4	2
406	3	0	2	2	0	1	2	2	1	4	3	2	3	2	4	3
407	2	2	1	0	1	0	0	0	0	2	2	2	2	2	2	4
408	3	2	3	1	1	.	3	3	2	3	2	3	3	3	3	1
409	4	2	3	1	0	.	2	1	3	2	2	2	2	3	4	2
410	4	3	2	1	.	2	2	1	1	2	3	3	2	2	2	3
411	1	2	2	1	0	.	1	0	1	3	2	.	1	1	1	2
412	2	0	2	.	0	.	1	0	0	2	4	2	1	1	4	2
413	3	2	3	.	.	.	3	3	2	2	3	3	2	2	3	2
414	2	.	1	.	0	.	2	3	1	2	2	3	2	1	2	1
415	4	4	2	1	0	.	0	1	1	4	3	3	3	3	4	1
416	3	3	4	1	1	1	2	3	2	2	2	4	3	3	3	2
417	4	2	2	1	.	.	2	3	1	2	.	.	2	2	2	3
418	3	0	0	0	.	.	2	.	0	0	1	0	2	1	0	1
419	4	2	2	2	.	0	3	2	.	1	1	0	2	3	2	3
420	3	4	4	1	0	1	1	1	2	3	3	0	3	3	2	2
421	0	2	0	0	.	.	0	0	0	2	.	.	0	1	.	4
422	3	1	1	1	.	2	0	1	3	1	3	2	2	2	1	2
423	0	2	2	0	.	.	2	4	1	.	.	1	3	3	4	1
424	0	0	2	0	0	0	1	0	0	.	0	2	2	1	1	4
425	3	0	2	1	0	.	2	0	.	1	.	1	0	0	.	0
426	4	.	2	0	.	1	2	.	.	2	2	2	.	.	.	4
427	2	2	3	1	1	.	3	2	1	2	2	2	2	2	2	3
428	3	2	2	1	.	.	2	3	3	2	3	4	3	2	3	2
429	2	2	1	1	.	1	1	2	1	3	2	2	1	2	2	2
430	4	2	3	1	0	0	2	2	2	3	2	2	2	2	2	3
431	4	1	1	.	.	.	2	3	1	3	2	3	3	2	.	2
432	4	2	4	1	.	.	3	4	3	4	.	3	3	3	4	2
433	2	1	2	1	2	0	1	.	1	3	2	2	3	3	3	2
434	4	2	3	1	0	2	2	3	2	3	3	3	2	2	2	2
435	2	.	2	.	0	.	3	.	.	3	2	3	2	2	.	2
436	2	0	0	0	.	.	2	4	3	3	.	3	2	1	3	4
437	4	1	2	1	.	2	4	4	0	2	3	2	3	3	2	2
438	4	2	2	.	.	1	1	2	2	3	2	2	2	2	1	2
439	4	3	2	1	0	.	3	2	2	3	3	4	2	2	3	2
440	4	1	3	0	.	1	3	3	.	2	1	.	2	2	4	3
441	.	2	.	2	.	.	3	3	2	.	.	.	.	.	.	3
442	4	3	2	1	1	2	2	2	2	3	.	3	2	2	2	1
443	3	3	3	.	0	.	2	3	.	3	3	2	2	2	2	2
444	0	0	2	1	0	0	2	2	3	1	0	3	1	1	2	2
445	0	0	0	.	0	1	4	0	0	0	0	0	0	1	0	4
446	0	1	2	.	.	.	1	0	1	2	1	1	0	0	1	4
447	1	1	3	1	0	2	2	2	0	2	1	3	2	2	4	2
448	1	2	1	1	.	0	1	1	.	2	2	2	2	2	0	2
449	2	1	2	0	0	1	2	2	2	1	3	2	2	2	2	3
450	1	0	3	0	0	0	1	1	1	1	3	1	0	0	1	2
451	2	3	2	1	1	1	1	1	1	1	2	2	1	2	1	3
452	4	3	2	1	0	.	3	4	3	3	3	4	2	2	3	3
453	1	0	3	0	.	.	.	.	.	1	1	.	.	.	.	.
454	3	2	1	0	.	.	0	0	0	3	1	0	1	2	1	2
455	4	0	1	.	0	1	2	1	0	3	2	2	2	2	1	2
456	4	4	0	1	.	0	0	0	0	3	4	0	1	2	1	4
457	4	2	3	.	.	.	1	1	0	2	2	2	2	2	2	2
458	1	0	2	0	1	2	0	1	1	1	1	3	3	2	3	2
459	2	0	0	0	0	.	0	0	0	4	0	.	0	0	1	4
460	3	0	1	1	.	0	3	1	0	2	1	2	1	0	4	2
461	2	1	2	0	.	0	2	2	.	2	0	2	0	2	4	2
462	4	0	3	2	2	2	2	4	3	4	4	4	4	4	4	2
463	3	3	2	0	0	.	0	0	0	3	1	0	0	1	0	3
464	1	3	1	2	1	2	2	4	3	3	2	2	4	2	2	3
465	2	2	2	1	1	1	2	2	2	2	2	2	2	2	2	2
466	2	2	2	1	1	1	2	2	.	2	2	.	2	2	2	2
467	4	3	4	1	.	1	3	3	2	0	2	4	4	4	4	1
468	0	0	4	1	0	0	1	0	1	1	0	0	0	0	4	2
469	1	3	3	.	0	0	2	1	0	3	2	3	2	2	4	3
470	1	2	0	0	0	0	1	1	1	.	1	2	2	2	2	2
471	3	2	3	1	.	.	3	.	3	2	2	3	3	3	3	2
472	3	3	2	1	1	1	2	2	1	2	2	3	2	2	2	2
473	.	.	.	.	1	1	1	0	.	1	.	3	2	2	1	2
474	3	3	2	.	.	.	2	2	2	2	2	4	2	3	3	2
475	3	3	2	0	.	.	1	2	1	3	1	1	0	1	2	1
476	4	3	2	0	1	.	1	1	0	0	3	1	1	2	2	3
477	3	.	2	2	.	.	1	0	2	.	.	1	1	1	1	2
478	3	4	2	2	.	2	4	2	2	2	2	2	3	3	4	2
479	2	1	3	2	.	0	2	2	1	3	2	1	1	1	0	1
480	2	3	4	1	1	.	1	.	1	.	.	.	1	0	1	2
481	3	4	3	2	0	.	2	2	3	4	3	4	3	3	3	3
482	4	4	4	2	.	1	2	3	3	4	2	3	2	2	4	3
483	3	0	2	0	0	.	1	1	0	1	0	2	2	1	0	2
484	3	1	2	0	0	0	1	1	0	1	0	1	0	1	2	2
485	1	1	1	1	1	.	1	1	1	2	2	1	2	1	.	3
486	2	1	3	.	.	.	2	2	2	2	2	2	2	.	.	2
487	4	3	3	1	1	.	2	4	1	2	3	4	4	3	4	2
488	.	.	2	.	0	.	2	2	.	2	.	3	.	2	2	3
489	4	3	3	.	.	.	2	2	2	2	3	2	2	2	2	3
490	4	.	2	2	.	.	1	2	1	2	0	2	1	1	3	3
491	1	1	2	0	.	.	2	1	.	3	2	2	2	2	2	2
492	1	3	0	0	.	0	1	0	3	.	0	2	0	0	1	4
493	.	.	.	.	.	.	.	.	0	0	0	0	0	0	0	.
494	2	2	1	.	.	.	2	0	1	1	1	0	.	.	.	2
495	1	1	3	1	1	1	0	2	0	3	2	2	2	2	2	2
496	2	2	2	1	1	1	0	0	0	0	1	2	2	3	3	3
497	2	2	2	1	1	1	2	2	2	3	3	0	2	2	2	2
498	2	2	2	1	0	1	2	2	2	3	3	2	2	2	2	2
499	1	2	3	0	0	.	2	2	0	2	0	1	1	1	2	2
500	2	1	1	0	0	.	0	0	0	1	.	2	0	0	0	3
501	4	.	3	1	.	2	0	0	.	1	0	0	0	0	0	2
502	4	0	2	0	0	1	1	0	2	3	2	2	0	0	0	4
503	2	0	1	1	0	0	1	1	1	0	1	2	2	1	1	3
504	3	3	4	0	0	2	4	4	1	1	0	4	4	4	4	2
505	2	2	2	2	.	.	1	1	1	1	.	1	2	2	2	3
506	4	0	0	2	2	2	1	4	1	0	0	2	2	2	2	4
507	3	1	1	0	0	0	1	1	1	1	1	2	1	1	1	3
508	0	0	2	0	0	1	0	0	1	2	0	1	0	0	0	3
509	0	0	1	0	0	0	0	0	0	1	2	1	0	0	0	3
510	0	4	3	1	.	2	1	2	3	1	.	2	3	1	3	2
511	2	3	3	.	.	.	1	2	3	4	4	3	3	3	3	2
512	4	0	4	0	0	2	1	2	0	4	0	2	2	2	1	2
513	3	2	2	0	0	1	2	1	0	2	2	1	1	1	.	2
514	1	0	1	0	0	1	1	0	0	0	0	0	0	0	4	4
515	2	2	3	1	.	.	0	.	0	2	.	2	2	2	2	0
516	0	0	4	.	0	2	1	2	2	3	2	2	1	1	0	4
517	1	4	3	1	0	2	1	1	0	3	2	2	0	0	2	3
518	2	2	2	1	0	0	1	2	1	2	2	2	2	2	2	1
519	2	2	2	1	1	1	2	2	1	2	3	2	3	2	2	2
520	1	0	3	2	0	0	0	2	.	1	1	2	1	1	1	4
521	.	.	.	.	.	.	.	.	.	.	.	.	.	.	.	.
522	4	3	2	1	.	0	2	2	.	2	2	3	2	.	.	2
523	1	1	2	0	0	1	.	.	0	3	1	.	.	2	2	.
524	3	3	3	1	1	1	4	3	1	3	3	4	3	2	2	3
525	2	2	2	1	1	1	2	2	.	2	2	2	2	2	2	2
526	0	1	1	2	0	0	1	2	1	3	2	1	2	3	3	1
527	3	4	2	2	2	2	1	4	2	1	1	2	1	1	1	3
528	.	.	.	0	0	0	0	0	0	0	0	.	0	.	.	0
529	2	2	.	2	1	1	3	1	1	3	2	3	2	4	3	2
530	.	1	3	0	0	1	1	1	1	1	0	3	0	1	2	3
531	.	.	.	.	.	.	2	2	0	2	1	.	.	.	.	2
532	.	.	.	1	1	1	.	.	1	.	.	1	.	.	.	.
533	3	0	4	.	.	1	2	2	1	2	1	3	2	2	2	2
534	1	1	2	1	.	1	1	2	2	2	2	2	2	2	3	2
535	0	0	0	0	0	0	0	0	0	0	0	0	0	0	0	0
536	1	1	1	1	.	2	1	0	0	1	1	0	2	1	1	3
537	.	3	4	1	1	1	0	2	2	3	3	.	4	3	1	2
538	4	.	4	0	.	.	2	2	2	2	2	4	2	2	2	3
539	0	2	3	0	.	1	3	1	2	3	2	2	2	2	4	2
540	2	3	2	1	1	1	2	2	.	2	2	2	1	2	2	1
541	0	0	2	.	1	.	2	2	.	.	.	0	2	1	2	4
542	0	0	2	0	0	1	1	1	.	0	1	.	0	0	0	3
543	2	2	2	1	1	2	2	2	1	2	2	2	1	2	2	2
544	2	0	2	.	0	2	2	1	1	2	0	4	2	2	3	2
545	3	2	4	1	0	1	2	2	1	2	2	3	3	3	3	3
546	3	1	2	0	.	1	2	2	1	2	2	2	1	1	3	2
547	3	1	2	0	.	1	2	2	1	2	2	2	2	2	3	2
548	1	1	2	1	0	1	2	2	1	2	2	2	2	2	2	2
549	4	2	4	0	0	1	1	2	2	1	2	4	3	3	3	3
550	4	3	4	1	.	1	2	3	3	1	2	4	.	2	4	1
551	3	1	2	1	1	1	1	3	2	3	2	2	3	3	3	2
552	4	4	2	0	1	2	2	3	2	1	2	4	2	3	4	2
553	2	.	2	0	1	0	3	1	2	2	2	2	2	4	0	3
554	2	0	2	0	0	2	2	2	0	2	2	4	1	2	2	0
555	3	3	2	.	.	0	2	2	2	.	.	.	.	.	.	3
556	3	3	1	1	0	1	3	3	2	3	2	4	3	2	3	2
557	2	1	2	1	0	2	2	1	1	2	2	2	2	2	1	2
558	4	2	3	0	0	2	0	1	1	2	.	2	1	2	4	1
559	.	.	.	.	.	.	.	.	.	.	.	.	.	.	.	.
560	.	.	.	.	.	.	.	.	.	.	.	.	.	.	.	.
561	.	.	.	.	.	.	.	.	.	.	.	.	.	.	.	.
562	3	2	3	1	1	1	2	2	0	3	3	2	2	2	2	2
563	.	2	2	0	0	1	0	0	.	.	.	.	.	.	.	0
564	.	.	.	.	.	.	.	.	.	2	2	3	.	.	.	.
565	.	.	.	.	.	.	.	.	.	.	.	.	.	.	.	.
566	.	.	.	.	.	.	.	.	.	.	.	.	.	.	.	.
567	.	.	.	.	.	.	.	.	.	.	.	.	.	.	.	.
568	.	.	.	.	.	.	.	.	.	.	.	.	.	.	.	.
569	.	.	.	.	.	.	.	.	1	.	.	.	.	.	.	.
570	2	2	2	.	.	.	2	2	0	1	2	.	.	.	.	2
571	2	3	2	1	2	2	3	2	1	3	2	3	2	4	2	4
572	0	1	1	0	0	0	1	2	.	.	.	.	.	.	.	3
573	3	2	3	2	1	.	2	1	1	2	4	1	3	3	2	3
574	2	4	4	2	2	2	4	4	1	2	2	2	3	3	2	4
575	.	.	2	0	0	0	.	.	.	.	.	3	4	3	1	.
576	3	3	2	0	1	.	0	0	0	2	1	0	2	1	3	3
577	2	2	2	1	.	1	2	2	2	3	3	3	3	2	3	1
578	2	0	3	0	0	1	2	.	.	2	3	1	.	0	1	3
579	4	0	4	0	0	0	0	0	0	4	4	3	2	2	2	4
580	4	4	4	0	.	2	2	2	3	2	3	4	4	4	4	2
581	1	3	3	2	1	.	1	3	1	2	.	1	4	3	1	0
582	.	.	.	.	.	.	.	.	.	.	.	.	.	.	.	.
583	2	2	2	1	1	1	2	2	0	2	0	1	2	2	2	2
584	0	0	0	.	.	.	.	.	0	.	.	.	.	.	.	.
585	0	0	4	2	0	2	0	0	0	0	3	1	4	0	0	4
586	3	.	3	.	.	1	2	3	3	2	3	4	3	2	2	2
587	4	.	3	.	.	1	0	3	0	1	2	4	3	3	3	3
588	3	0	1	0	0	0	3	0	1	0	0	0	0	0	1	4
589	4	0	1	0	0	0	1	2	0	2	1	1	0	2	3	3
590	3	3	3	0	0	.	1	4	0	0	2	3	0	1	4	3
591	3	3	2	1	1	1	2	3	2	1	2	3	3	2	4	4
592	4	0	0	0	0	0	0	1	0	0	0	0	0	0	0	4
593	2	0	0	1	0	.	1	2	0	2	1	1	2	2	0	3
594	.	.	.	.	.	.	.	.	.	.	.	.	.	.	.	.
595	3	2	3	1	1	2	3	4	2	2	3	2	4	3	3	3
596	2	1	4	2	0	2	3	4	1	0	2	1	2	3	3	3
597	0	0	0	.	1	.	2	1	0	1	2	2	2	2	2	2
598	3	3	4	1	1	.	.	3	2	2	2	2	2	2	2	2
599	0	0	0	0	0	0	0	0	0	0	0	0	0	0	0	4
600	4	4	4	1	1	1	4	4	1	4	3	3	4	3	3	4
601	4	2	3	0	.	.	3	3	.	0	1	3	2	4	2	3
602	2	4	2	1	0	0	4	2	0	3	2	3	3	3	4	3
603	2	1	.	.	.	.	.	.	.	.	.	.	.	.	.	.
604	0	0	0	0	1	1	2	2	1	2	3	4	0	1	3	1
605	0	0	.	0	0	.	.	.	.	1	.	2	.	.	.	.
606	4	4	2	.	0	.	1	2	0	3	2	1	2	2	3	2
607	0	0	3	0	0	.	0	0	1	0	3	2	2	1	2	3
608	4	0	4	0	.	.	4	0	.	0	4	.	.	.	.	4
609	3	3	2	1	.	1	2	2	2	2	2	4	2	2	3	3
610	4	.	2	0	0	1	0	0	3	2	1	2	1	1	2	3
611	3	2	2	1	.	1	1	1	0	2	2	2	2	2	2	3
612	3	2	3	0	.	1	1	2	2	2	1	2	2	3	3	2
613	2	.	2	0	.	.	2	3	1	0	0	4	.	2	3	2
614	.	.	3	.	.	1	2	.	1	2	.	4	.	.	.	3
615	0	0	2	1	.	0	2	2	1	3	2	0	2	2	3	2
616	3	2	1	0	0	.	1	1	0	1	2	2	2	2	3	3
617	.	.	.	0	.	.	0	0	.	1	.	1	.	.	4	2
618	3	0	3	0	.	.	1	1	1	2	2	3	2	3	3	3
619	3	0	3	1	1	.	3	3	1	2	2	4	3	2	2	3
620	0	0	2	0	0	2	2	2	1	3	1	2	1	1	3	2
621	4	0	4	0	0	.	0	0	.	1	4	2	3	3	4	4
622	0	0	2	.	1	1	2	2	3	0	0	2	3	3	4	2
623	0	0	0	0	0	0	0	0	0	3	3	1	1	1	1	4
624	2	1	2	0	0	0	2	2	1	2	2	3	1	2	.	3
625	3	1	2	2	0	0	3	2	1	2	.	2	2	3	3	2
626	2	1	2	1	0	2	2	2	1	2	2	2	3	2	2	4
627	.	.	0	.	.	1	2	3	2	3	1	3	1	3	4	2
628	3	0	4	0	0	1	0	4	1	1	4	3	4	3	4	4
629	0	0	3	0	0	.	2	1	0	1	1	1	0	0	4	4
630	0	0	3	1	1	1	2	2	0	2	2	4	3	2	2	3
631	4	0	4	0	.	.	2	2	2	2	1	3	3	3	3	3
632	3	0	2	0	0	.	2	1	.	1	1	4	1	2	4	3
633	2	2	1	1	0	0	1	1	.	1	2	2	1	2	3	3
634	2	0	3	1	0	.	2	1	1	2	2	1	1	1	1	2
635	4	3	4	.	.	.	2	4	0	3	3	4	3	4	4	2
636	3	3	3	.	.	.	.	.	.	.	.	.	.	.	.	.
637	2	2	3	.	0	.	0	2	1	2	2	2	0	2	3	2
638	1	0	1	1	0	0	1	1	0	1	1	2	1	1	1	1
639	3	0	2	0	0	.	0	1	.	1	0	.	2	1	3	2
640	.	.	3	1	0	0	2	4	2	2	1	2	2	2	2	2
641	4	4	1	1	0	2	0	1	0	2	2	2	2	3	2	2
642	2	2	2	1	.	1	2	2	2	2	2	4	3	3	2	2
643	.	.	3	.	.	.	.	3	.	.	3	3	.	.	.	2
644	2	0	3	1	0	.	2	2	1	2	2	3	2	2	.	2
645	2	3	1	1	1	.	2	3	1	3	1	3	3	2	.	1
646	.	.	.	1	.	0	1	1	0	1	2	1	2	1	2	3
647	4	1	2	1	.	.	1	2	.	1	3	1	2	2	2	3
648	4	4	2	.	.	1	2	0	1	0	1	3	2	3	2	1
649	1	1	0	0	0	1	1	0	0	0	0	0	0	0	1	3
650	1	1	3	.	0	.	1	1	0	2	1	1	.	.	.	1
651	0	0	.	0	0	0	1	0	1	0	0	0	2	0	2	4
652	1	0	1	1	0	0	1	0	1	1	1	0	1	1	0	4
653	2	2	2	0	.	.	2	3	1	3	.	3	3	3	3	3
654	1	2	1	0	0	.	1	1	1	3	2	2	3	2	2	2
655	.	1	.	.	.	.	4	2	2	3	2	2	2	2	2	3
656	4	0	4	1	0	0	0	2	2	2	2	2	2	2	1	3
657	3	2	2	1	2	.	3	2	0	2	3	1	3	2	2	2
658	0	0	2	0	0	0	0	0	0	0	0	0	2	1	1	2
659	4	0	3	1	0	.	2	1	0	1	3	.	2	3	1	3
660	3	.	2	.	.	.	2	2	3	3	2	2	2	2	.	3
661	4	2	0	1	0	0	1	3	1	4	3	2	3	2	4	4
662	2	.	2	1	.	1	2	2	2	3	.	2	2	.	3	1
663	0	0	3	1	0	0	1	1	0	1	0	1	1	1	1	3
664	2	1	1	0	0	0	0	1	1	1	.	1	2	2	2	3
665	.	.	.	.	.	.	0	.	.	2	2	.	.	.	2	2
666	3	1	1	0	.	0	2	1	2	2	2	2	1	1	2	3
667	4	.	.	1	1	.	4	4	1	2	4	2	3	4	.	4
668	0	0	2	0	1	.	0	0	0	1	0	2	2	3	.	3
669	1	0	2	1	0	.	2	3	0	2	1	4	0	2	2	2
670	2	1	1	0	0	0	0	1	0	0	2	2	0	0	2	3
671	2	4	2	1	0	1	2	2	2	2	3	3	3	2	1	3
672	3	0	2	0	0	0	0	0	0	2	1	2	0	1	2	2
673	0	1	3	1	.	.	2	2	.	1	2	2	1	2	0	1
674	0	0	.	0	0	0	3	3	3	2	.	2	.	3	4	2
675	3	1	3	1	.	.	1	3	3	2	1	4	2	4	4	2
676	3	1	3	1	0	.	2	2	2	2	3	2	2	2	2	2
677	.	.	.	0	.	0	1	1	.	0	.	2	.	2	4	2
678	3	3	4	1	1	1	1	1	2	1	2	2	1	2	2	3
679	0	1	2	0	0	0	1	1	2	2	3	1	2	1	0	3
680	3	.	3	1	.	.	1	2	2	3	3	2	3	3	3	3
681	3	.	.	.	.	.	4	4	2	2	3	4	3	3	3	2
682	4	2	2	1	.	.	2	.	1	0	2	2	2	2	2	0
683	3	2	3	2	1	1	3	2	1	0	3	3	2	3	4	2
684	1	1	2	0	.	1	1	1	1	2	1	2	2	2	3	1
685	3	1	3	0	0	0	0	2	3	2	2	3	2	2	3	2
686	3	1	2	0	0	0	1	1	1	0	1	2	2	2	1	2
687	.	3	3	.	0	0	2	2	3	2	3	3	4	4	4	2
688	0	.	2	0	0	1	1	1	.	.	.	.	.	.	.	2
689	0	0	2	0	0	0	1	0	0	1	1	0	1	1	1	2
690	.	.	2	0	.	0	1	1	0	2	1	2	0	1	.	3
691	1	0	2	1	0	.	1	1	0	2	1	2	1	1	2	1
692	4	3	3	.	.	1	2	0	2	2	2	2	2	3	3	4
693	0	0	3	0	0	.	1	2	3	0	1	2	1	1	2	3
694	1	2	.	.	.	.	2	.	.	.	.	1	.	0	.	1
695	3	.	0	.	.	.	0	0	0	1	0	0	0	0	1	3
696	3	1	2	1	.	1	3	2	1	1	2	3	2	1	3	3
697	2	1	2	0	.	.	1	2	.	2	3	2	2	2	2	4
698	3	2	0	2	.	2	0	1	0	0	.	2	1	1	4	4
699	.	0	3	0	1	.	0	3	.	0	.	2	1	3	2	3
700	3	1	3	1	0	.	1	2	3	2	2	2	2	2	3	3
701	.	.	3	0	0	0	1	2	0	1	0	2	0	2	3	2
702	3	0	0	1	0	1	0	2	2	0	2	2	0	1	2	3
703	2	4	4	0	.	.	2	1	3	1	3	2	0	1	2	2
704	3	3	2	.	0	.	2	2	0	1	2	3	3	3	0	4
705	4	1	2	0	0	.	2	2	2	2	0	4	2	2	2	3
706	4	2	3	1	.	2	2	2	3	0	2	2	2	2	3	2
707	4	3	2	0	0	0	2	2	1	1	1	3	0	1	3	3
708	4	4	0	.	.	1	3	3	3	2	3	3	2	2	4	1
709	4	.	.	.	.	.	.	.	.	4	4	4	4	4	4	.
710	4	0	0	.	0	1	2	0	1	2	0	3	2	1	0	2
711	2	4	4	1	2	1	1	3	2	2	1	2	3	3	2	4
712	4	3	2	0	.	.	1	3	2	1	3	4	3	3	4	4
713	4	2	2	1	.	.	1	2	1	1	3	2	3	2	3	2
714	2	1	3	0	.	.	3	1	1	0	1	2	2	2	1	2
715	0	4	1	0	.	.	2	2	2	2	.	2	0	0	3	3
716	3	3	2	.	.	.	0	0	1	0	0	0	3	3	1	4
717	4	3	2	2	0	2	4	4	0	3	3	2	3	2	3	0
718	4	0	4	2	.	.	1	1	3	2	3	2	3	3	3	3
719	2	2	3	.	.	.	1	3	2	2	2	2	2	2	2	2
720	2	0	3	0	0	1	0	0	1	0	0	0	0	0	4	3
721	3	2	2	.	.	.	3	3	2	2	2	2	3	3	2	2
722	4	0	3	.	.	1	0	0	.	4	1	0	1	2	.	2
723	1	0	0	.	.	.	.	.	.	.	.	0	1	1	3	4
724	0	0	2	0	0	0	0	0	1	1	1	1	1	0	2	4
725	2	1	4	.	.	.	.	2	1	4	1	2	2	2	2	4
726	1	0	1	0	0	1	1	2	2	1	2	2	2	1	3	3
727	0	3	4	1	.	.	4	4	3	3	4	4	3	2	3	4
728	3	1	3	0	0	1	0	1	0	2	3	1	1	2	2	4
729	3	1	2	.	1	.	2	1	.	1	.	.	1	1	.	3
730	4	0	2	1	.	.	2	0	2	2	1	2	3	3	1	3
731	.	.	2	1	0	0	1	1	2	1	.	2	.	1	1	3
732	3	.	2	1	.	2	2	2	2	2	3	3	2	3	3	2
733	3	0	1	0	0	1	1	2	1	1	2	2	2	2	1	3
734	3	2	2	1	.	0	2	3	1	2	2	2	2	2	0	3
735	3	3	3	.	.	1	2	3	2	3	2	2	3	3	2	2
736	3	0	2	1	0	2	0	2	2	2	3	2	2	2	2	2
737	4	.	4	1	1	2	4	3	1	4	4	4	4	4	4	4
738	3	1	2	.	0	.	2	1	3	1	3	2	2	1	2	2
739	2	1	3	1	1	1	2	1	0	1	1	1	3	3	4	3
740	4	4	4	0	1	2	3	4	3	3	3	4	4	3	3	4
741	4	0	.	.	.	.	.	.	3	2	.	4	.	.	.	.
742	0	4	3	.	.	.	0	0	3	4	0	3	0	0	4	2
743	3	.	3	.	.	2	0	1	.	3	2	2	3	3	3	1
744	3	.	2	1	.	1	3	2	1	0	4	2	2	2	3	2
745	4	.	2	2	0	.	0	2	3	1	2	4	0	2	3	2
746	4	4	4	.	0	.	2	2	2	2	2	3	3	3	3	2
747	2	0	2	0	0	2	0	0	1	2	0	2	2	2	.	2
748	2	.	2	2	1	1	1	2	1	2	2	2	3	2	3	3
749	4	0	3	0	0	0	0	3	1	2	2	3	2	2	1	3
750	0	0	0	2	0	.	0	2	0	0	0	2	2	2	2	1
751	0	0	1	.	0	0	3	3	.	0	2	4	3	2	3	4
752	.	.	2	.	.	.	2	2	.	2	2	2	.	.	3	2
753	0	0	3	0	.	1	1	2	0	2	2	2	3	3	2	4
754	2	.	.	0	0	.	2	2	1	.	.	3	2	2	3	2
755	4	4	4	2	2	2	4	4	0	0	0	0	0	3	4	4
756	.	0	2	.	.	.	2	3	.	4	3	3	2	3	1	2
757	2	.	.	0	0	.	1	.	.	.	.	1	3	3	2	3
758	0	0	4	1	0	0	0	0	1	2	0	0	0	0	0	4
759	2	0	2	1	.	.	2	3	.	0	3	4	3	3	3	3
760	4	0	0	1	2	2	0	3	0	1	1	2	2	1	2	3
761	0	0	0	0	0	.	0	0	0	2	0	0	0	0	0	3
762	2	.	3	.	.	.	.	3	2	2	2	3	3	2	3	3
763	2	0	3	1	2	.	2	2	0	3	0	4	1	1	4	3
764	4	0	2	1	0	.	2	0	0	2	2	1	1	1	1	3
765	4	.	4	.	.	2	2	2	3	.	.	3	.	.	.	.
766	.	.	2	.	.	.	.	.	.	.	.	.	.	.	.	.
767	0	.	3	1	.	1	2	0	1	2	0	2	1	2	2	3
768	2	0	1	0	0	.	0	1	0	2	1	4	1	4	2	4
769	.	.	2	2	.	.	2	3	.	2	2	4	2	.	2	3
770	4	3	3	1	.	.	2	4	2	2	3	4	3	3	2	2
771	2	2	3	.	0	1	2	3	2	2	2	3	2	3	1	1
772	2	2	3	1	0	0	1	2	1	2	2	3	2	2	3	3
773	4	.	4	0	0	.	2	2	3	2	2	2	2	2	.	2
774	4	.	2	.	.	.	1	.	.	4	2	1	3	.	3	2
775	2	0	3	.	.	.	2	3	1	3	1	3	2	3	3	3
776	.	0	1	1	0	1	3	2	0	2	0	1	2	1	3	4
777	2	3	3	2	2	1	1	4	2	3	3	3	3	3	3	3
778	3	3	0	1	.	1	3	2	3	2	3	3	2	2	4	2
779	4	0	0	1	2	.	2	2	1	3	0	.	4	3	2	3
780	2	1	2	1	1	1	0	2	2	2	1	2	2	2	2	3
781	3	2	2	.	0	.	1	2	0	1	1	2	1	2	0	3
782	2	1	2	0	1	.	0	.	0	4	.	2	.	.	.	0
783	.	.	3	0	0	0	2	2	0	1	2	3	2	2	2	2
784	3	1	1	1	.	.	.	.	.	.	.	.	.	.	.	3
785	.	.	1	1	.	.	2	2	.	3	2	2	1	2	2	1
786	.	0	4	.	.	.	2	2	1	2	3	2	2	2	3	3
787	1	2	1	1	1	1	1	2	2	1	2	2	2	2	2	2
788	2	0	2	2	0	1	0	1	3	3	1	1	1	2	4	3
789	3	3	0	.	.	.	4	1	2	1	.	3	2	3	1	3
790	0	0	2	0	0	1	1	0	1	.	.	.	.	.	.	3
791	4	2	2	1	.	1	1	2	.	2	3	2	3	3	3	3
792	3	0	1	0	0	.	2	3	1	2	0	1	3	2	3	2
793	2	3	2	1	.	.	2	3	.	3	.	3	3	3	2	3
794	.	0	2	.	.	1	2	2	.	0	1	1	.	1	2	2
795	2	0	3	.	.	.	2	3	2	2	1	3	1	2	.	3
796	.	.	3	0	.	.	1	2	.	.	.	3	.	1	3	2
797	4	4	4	1	1	1	2	2	3	3	4	3	3	4	4	2
798	1	0	4	1	.	.	1	3	1	1	1	1	1	2	1	3
799	1	0	3	0	0	2	0	3	2	2	3	1	0	0	2	3
800	4	3	4	2	1	.	1	.	2	3	2	2	2	2	3	4
801	2	2	2	1	1	1	.	.	.	.	.	.	.	.	.	4
802	4	4	3	1	.	.	2	3	0	4	2	.	2	.	.	4
803	0	0	2	1	0	1	1	0	0	0	1	3	1	2	2	2
804	0	0	2	0	0	0	0	0	2	2	2	.	2	2	.	4
805	1	2	2	0	0	1	0	0	0	3	1	0	1	0	4	1
806	3	1	4	0	.	2	1	2	1	2	2	3	2	2	1	3
807	3	0	4	0	0	0	1	2	0	2	0	1	0	1	2	2
808	0	0	2	0	0	0	0	0	0	0	0	1	0	0	1	3
809	3	2	3	1	.	.	3	4	.	2	3	4	3	3	.	1
810	4	3	.	2	2	2	4	4	3	4	3	4	4	4	4	4
811	2	3	4	1	.	.	1	2	2	2	2	2	.	.	.	1
812	0	2	3	1	.	1	2	2	1	3	3	3	3	3	3	2
813	.	.	.	.	.	.	1	0	0	2	.	1	0	2	3	2
814	3	1	2	1	1	.	1	2	1	2	1	3	.	.	.	2
815	2	3	3	1	0	.	3	4	3	4	2	3	3	4	.	2
816	.	3	.	.	.	.	.	.	.	1	.	4	3	3	.	3
817	3	2	4	1	.	1	3	3	1	1	2	4	3	2	2	4
818	4	4	4	1	2	1	4	3	3	4	4	4	4	4	4	4
819	3	.	2	.	.	.	2	2	.	2	.	0	.	2	.	2
820	.	.	.	.	.	.	.	.	.	.	.	.	.	.	.	.
821	.	.	2	0	.	.	.	.	.	.	.	.	.	.	.	.
822	2	2	2	1	1	1	2	2	1	.	.	.	.	.	.	2
823	.	.	.	.	.	.	.	.	.	.	.	.	.	.	.	.
824	.	.	.	.	.	.	.	.	.	.	.	.	.	.	.	.
825	.	.	.	.	.	.	.	.	.	.	.	.	.	.	.	.
826	4	3	2	1	0	.	.	.	.	.	.	.	.	.	.	.
827	.	.	.	.	.	.	.	.	.	.	.	.	.	.	.	.
828	.	.	.	.	.	.	.	.	.	.	.	.	.	.	.	.
829	2	2	2	.	0	.	2	2	.	2	1	0	1	1	1	3
830	2	2	3	.	.	.	1	2	0	2	2	2	2	2	3	3
831	4	0	4	1	0	1	3	3	3	3	3	4	3	2	3	3
832	3	2	4	1	1	1	4	4	3	3	4	4	4	4	4	3
833	2	1	3	1	2	1	1	3	3	3	3	3	3	2	2	2
834	3	0	1	1	0	.	3	1	3	1	3	1	1	2	2	1
835	2	3	3	0	1	1	2	2	2	2	2	2	4	3	2	2
836	0	0	3	.	0	.	1	2	2	3	1	3	1	2	1	3
837	0	0	0	0	0	0	4	4	0	0	0	.	0	0	0	4
838	.	.	.	.	.	.	.	.	.	.	.	.	.	.	.	.
839	0	0	0	0	0	0	0	0	0	0	0	0	0	0	0	0
840	1	3	2	0	1	0	2	1	2	.	.	.	.	.	.	0
841	1	2	.	.	0	1	2	0	1	3	2	.	4	3	.	2
842	1	1	4	.	.	.	.	.	.	.	.	.	.	.	.	.
843	3	3	3	.	.	.	1	3	0	4	4	3	3	3	3	2
844	2	3	3	2	1	1	4	4	1	4	2	4	4	3	3	3
845	1	0	4	1	0	0	2	3	0	2	2	4	4	1	3	4
846	0	1	1	0	2	0	2	0	0	.	.	1	2	1	3	1
847	2	3	4	2	0	1	2	4	2	3	2	3	4	3	4	3
848	3	3	1	1	0	1	1	3	2	4	4	2	4	3	1	0
849	2	.	2	0	.	2	2	1	.	4	2	2	.	1	3	1
850	0	1	0	1	0	1	2	.	1	1	1	0	1	0	.	1
851	0	0	1	2	0	0	1	1	.	0	0	.	.	.	.	1
852	1	0	0	0	0	0	4	4	3	4	4	2	0	4	1	1
853	3	3	2	1	1	1	1	2	2	3	3	2	3	3	2	2
854	3	2	2	2	1	1	2	0	0	2	1	2	4	3	1	3
855	4	3	4	1	1	1	2	2	2	3	3	3	3	3	3	2
856	4	2	.	0	0	0	2	2	0	.	.	0	0	0	0	2
857	.	.	.	.	.	.	.	.	.	.	.	.	.	.	.	.
858	0	0	3	0	0	0	2	1	0	1	1	0	1	1	0	4
859	3	4	3	2	0	0	0	0	0	4	4	0	1	1	0	4
860	.	.	0	.	.	.	.	.	.	.	.	.	.	.	.	.
861	4	3	4	1	0	1	2	1	1	4	3	2	.	.	2	3
862	2	0	2	0	0	0	0	2	0	3	0	1	3	3	2	3
863	3	2	4	0	0	0	2	1	1	4	2	1	1	1	1	.
864	3	2	.	.	.	.	.	.	.	.	.	.	.	.	.	.
865	.	.	.	.	.	.	.	.	.	1	0	.	0	.	.	.
866	0	0	3	.	0	0	1	2	1	2	1	1	0	1	2	2
867	1	0	2	0	0	0	1	2	0	2	1	1	1	1	2	3
868	2	4	4	0	0	.	0	1	0	1	3	1	2	1	0	2
869	2	1	1	2	1	2	2	2	1	1	1	2	2	2	2	2
870	2	1	1	0	0	0	1	2	0	2	2	2	2	2	2	2
871	2	2	3	1	1	1	3	3	1	1	1	1	4	4	4	3
872	2	.	2	0	0	0	0	1	1	2	2	2	0	2	.	3
873	1	0	0	0	0	0	0	0	1	1	1	0	0	0	0	4
874	0	2	3	0	1	0	0	2	1	0	0	0	0	0	0	2
875	2	2	1	0	0	.	1	1	0	1	1	.	1	1	1	1
876	3	2	3	1	.	.	3	3	1	3	2	2	2	2	3	3
877	3	0	3	0	0	.	3	1	0	2	.	1	2	1	2	3
878	1	1	2	0	0	0	1	1	0	3	2	1	1	1	2	3
879	1	1	2	.	.	2	3	2	1	3	.	2	2	3	1	2
880	2	1	2	1	0	1	1	3	2	3	2	3	1	2	3	2
881	2	1	3	2	1	1	3	4	2	2	4	4	3	2	2	2
882	2	0	2	0	1	1	2	2	1	3	3	2	3	3	3	2
883	2	0	3	.	.	1	1	2	0	2	2	2	2	2	2	3
884	1	0	3	0	1	0	1	1	0	2	1	1	1	1	0	3
885	.	.	2	1	0	.	2	0	1	4	1	1	4	3	1	3
886	2	1	1	0	0	0	1	1	1	2	1	2	2	1	0	4
887	2	3	2	1	1	1	2	2	1	3	3	1	4	3	1	2
888	2	1	4	0	.	0	1	1	.	3	1	3	2	2	2	3
889	0	1	3	0	.	.	2	1	0	2	1	2	1	2	3	2
890	4	2	2	0	0	.	2	2	1	2	2	2	2	1	2	4
891	4	1	1	1	0	0	1	2	2	3	1	2	3	2	2	2
892	0	2	1	1	.	.	0	1	1	2	2	0	2	2	2	4
893	4	3	4	0	1	0	3	2	2	0	3	4	0	0	3	4
894	3	3	3	1	1	1	3	2	1	2	2	3	3	3	4	3
895	.	0	.	0	.	.	2	3	.	3	.	3	2	2	2	2
896	0	0	1	0	0	0	2	1	0	3	2	2	2	2	1	3
897	3	3	3	.	.	.	2	2	2	3	2	3	2	2	3	2
898	2	0	2	1	0	.	1	0	0	2	3	1	1	1	1	4
899	0	0	0	1	0	0	1	1	0	3	1	0	1	0	2	3
900	1	0	2	1	.	.	1	1	.	2	3	.	1	1	0	3
901	3	1	3	0	0	0	1	2	1	2	1	2	2	1	2	3
902	1	0	3	0	0	0	1	3	2	4	3	4	3	3	4	3
903	.	.	.	.	.	.	.	.	.	4	4	.	.	.	.	.
904	2	0	0	1	0	.	1	0	0	4	1	0	2	0	1	4
905	.	.	.	0	.	.	.	.	.	0	.	.	.	.	.	.
906	0	0	4	0	.	2	0	0	0	1	1	1	.	0	3	1
907	2	3	3	1	.	.	1	1	2	3	3	2	3	2	3	2
908	4	0	3	.	.	.	1	3	1	4	3	3	1	1	0	4
909	2	0	2	1	.	.	0	3	.	2	.	4	2	1	.	2
910	0	2	.	0	.	.	0	0	0	2	0	0	2	2	2	1
911	1	3	2	.	0	0	1	1	0	2	1	0	0	0	0	2
912	2	0	2	.	.	.	1	2	2	1	2	1	2	2	2	3
913	3	1	3	0	0	0	2	3	1	3	3	4	1	1	2	2
914	3	.	3	1	2	1	2	0	1	2	2	0	2	1	2	2
915	2	2	1	1	.	.	2	3	.	3	.	3	1	1	4	3
916	4	4	0	2	2	2	1	0	0	4	4	4	4	3	1	2
917	1	0	3	.	.	1	2	2	0	2	1	1	2	2	2	3
918	.	0	1	2	1	1	3	2	2	1	0	2	0	2	4	2
919	0	0	0	1	0	.	2	2	1	2	.	3	0	1	2	3
920	3	3	2	2	1	2	3	3	1	2	2	2	2	2	2	3
921	2	2	2	1	1	1	2	2	1	2	2	2	2	2	2	2
922	3	1	.	.	.	.	.	.	.	.	.	.	.	.	.	.
923	1	0	2	0	0	0	1	2	0	2	1	1	1	2	1	4
924	3	0	1	1	2	.	1	1	0	4	0	0	4	2	0	2
925	0	0	3	0	0	0	0	0	0	2	0	0	0	2	4	3
926	0	0	3	.	.	.	1	2	0	2	2	3	1	1	2	3
927	2	1	1	0	0	0	0	1	0	2	3	0	0	0	1	3
928	2	2	.	2	2	2	2	2	1	4	4	4	4	4	4	2
929	2	2	2	1	1	1	2	2	.	.	.	2	1	2	2	2
930	.	.	.	.	.	.	.	.	.	.	.	0	.	.	.	.
931	2	0	3	0	.	.	2	2	.	3	3	2	2	2	3	2
932	1	0	1	0	0	0	0	0	1	2	2	0	1	1	0	1
933	2	1	0	.	.	1	1	3	0	2	2	3	3	3	4	3
934	3	1	3	0	0	0	3	2	0	1	1	2	2	1	1	3
935	1	0	1	.	.	.	1	2	0	3	2	3	2	1	0	2
936	1	0	3	0	0	.	2	1	0	2	2	2	2	2	3	4
937	3	2	3	1	0	.	2	1	2	2	2	2	3	3	2	3
938	2	1	4	0	.	.	0	3	2	2	2	2	1	1	2	2
939	4	0	4	.	.	.	3	3	.	4	3	3	0	0	4	3
940	1	0	0	0	0	0	2	2	0	4	2	2	0	0	3	0
941	4	4	3	2	2	.	2	4	1	4	3	1	4	3	4	4
942	0	0	1	1	0	0	1	1	2	2	.	2	0	1	1	3
943	3	1	2	1	0	.	0	1	0	3	1	1	0	0	1	3
944	0	0	3	1	.	.	0	0	0	2	1	2	2	2	2	3
945	3	2	4	1	0	.	2	4	3	.	4	4	4	3	4	3
946	3	2	2	1	.	.	1	3	1	3	3	2	1	1	2	3
947	4	2	4	1	1	1	2	4	3	4	3	2	4	3	4	4
948	4	0	0	0	0	.	0	0	0	2	0	0	1	0	2	4
949	.	0	4	.	.	.	3	3	1	0	2	4	3	3	2	4
950	4	4	4	1	0	2	1	3	2	1	2	4	2	2	2	3
951	2	2	2	0	0	1	3	3	1	3	1	4	3	3	3	1
952	4	0	4	2	0	2	1	3	1	4	1	4	4	4	4	2
953	4	1	4	1	0	.	1	2	0	3	2	3	2	3	4	1
954	2	2	3	.	.	.	2	2	2	3	.	2	1	2	2	3
955	4	4	4	2	1	1	2	3	3	0	4	4	4	3	2	4
956	3	1	3	1	.	0	2	2	2	2	2	3	3	3	4	3
957	0	0	0	.	0	0	0	0	0	1	0	0	0	0	0	4
958	2	0	3	.	.	.	2	4	2	2	3	2	3	2	2	3
959	2	2	2	1	.	.	1	1	3	2	2	2	2	1	.	3
960	2	2	2	2	.	.	2	2	2	2	2	1	3	3	2	2
961	1	0	3	0	0	0	1	2	0	2	2	2	2	0	1	3
962	3	1	2	0	0	0	1	1	1	3	4	4	2	2	4	4
963	2	1	3	1	0	0	2	3	0	4	1	3	1	3	3	2
964	3	1	3	0	0	0	1	1	0	2	1	2	1	2	3	3
965	2	1	4	.	.	.	3	3	2	3	3	3	3	3	3	3
966	1	0	3	0	0	0	1	2	0	3	1	1	2	1	4	3
967	3	1	2	1	.	.	2	2	.	2	2	2	3	3	2	2
968	2	0	2	0	0	0	0	0	2	2	2	3	0	0	2	4
969	0	4	4	0	0	.	2	2	0	2	1	3	1	1	1	2
970	4	1	1	1	.	0	4	2	1	4	2	4	1	3	4	4
971	1	1	1	0	0	.	0	0	0	1	.	0	0	0	2	4
972	2	4	2	0	1	2	0	2	0	3	2	2	3	2	0	4
973	3	0	3	0	0	.	0	2	0	3	2	2	2	3	3	2
974	4	3	1	.	0	1	4	2	1	3	2	3	2	1	3	1
975	0	0	2	.	.	.	2	2	0	2	2	2	2	2	3	3
976	0	0	4	0	0	1	0	1	2	2	2	2	2	1	3	4
977	3	0	3	0	0	0	1	2	0	3	1	3	1	1	3	3
978	3	2	2	.	.	.	2	2	1	3	2	2	1	2	2	2
979	.	2	3	.	.	0	1	2	3	2	.	.	.	3	3	3
980	0	0	3	0	0	0	2	1	0	2	1	0	0	0	0	3
981	3	1	1	1	.	2	1	0	1	2	1	2	1	1	4	2
982	4	2	4	0	1	.	2	1	0	2	2	3	1	2	4	3
983	2	1	2	0	0	1	2	0	2	4	2	3	3	2	2	3
984	3	1	1	1	1	.	1	2	2	3	4	2	2	2	2	2
985	1	.	2	.	0	.	2	2	1	3	1	2	.	.	.	3
986	2	0	3	0	0	0	1	2	0	2	1	2	0	1	3	3
987	1	2	3	.	.	.	2	1	.	2	2	2	2	2	2	2
988	2	.	2	.	.	.	0	.	.	3	.	.	2	2	2	3
989	4	1	3	1	0	.	2	3	1	2	3	2	3	3	2	2
990	2	0	3	.	0	.	3	2	3	2	3	2	1	2	1	0
991	2	0	3	0	0	0	2	2	0	4	2	2	2	2	4	4
992	1	1	3	0	0	0	2	1	0	3	1	2	1	1	3	2
993	2	1	1	.	0	.	2	1	3	3	2	2	3	3	4	1
994	4	2	3	.	.	.	1	3	3	1	2	2	2	3	3	2
995	4	0	4	2	0	.	1	0	0	2	0	1	0	0	1	3
996	3	4	3	1	0	.	2	2	0	3	3	3	.	0	3	3
997	2	4	3	0	0	0	3	0	1	0	1	1	2	1	0	3
998	4	1	4	1	1	1	1	3	0	3	2	3	3	3	2	3
999	1	2	2	1	1	1	2	1	.	2	4	4	2	3	2	2
1000	2	.	3	2	0	.	1	1	3	2	1	1	2	2	.	4
1001	0	4	0	2	0	1	0	0	0	1	1	3	1	2	3	4
1002	2	1	3	2	.	.	1	3	3	3	2	1	3	3	2	2
1003	3	0	2	0	0	.	2	1	0	2	3	2	1	1	2	4
1004	4	0	3	0	0	0	2	1	0	2	2	2	2	2	4	4
1005	2	2	4	.	.	0	2	3	2	2	4	3	3	2	4	3
1006	3	2	3	0	1	0	2	2	1	4	.	2	3	2	3	3
1007	.	0	2	0	0	.	.	.	.	3	1	2	.	.	.	2
1008	3	3	3	2	1	1	.	.	3	3	4	4	4	3	3	.
1009	3	3	3	.	.	.	2	2	3	3	2	3	3	3	2	2
1010	0	0	2	0	0	0	0	1	0	3	1	3	3	2	1	4
1011	2	3	0	1	.	.	2	2	2	2	1	2	2	2	3	3
1012	0	0	3	1	0	0	2	2	0	3	0	1	1	1	.	4
1013	3	0	2	0	0	.	1	2	0	2	0	1	0	0	1	3
1014	2	0	3	0	0	1	3	2	0	3	1	4	2	2	2	3
1015	2	3	2	1	.	1	1	2	2	2	2	2	2	2	2	2
1016	.	0	3	.	.	.	0	2	.	2	.	.	.	.	0	4
1017	4	1	4	0	0	.	2	1	0	2	1	2	0	0	2	1
1018	4	3	3	1	1	0	2	3	.	3	3	4	3	3	4	2
1019	4	1	3	0	0	0	1	3	3	1	1	3	2	3	2	2
1020	3	3	3	1	.	.	1	2	0	3	4	3	3	3	2	3
1021	3	1	3	1	0	0	2	2	3	2	1	4	2	3	4	2
1022	1	0	4	0	0	.	1	0	0	3	0	0	0	0	0	2
1023	0	0	2	1	0	0	1	2	1	3	0	1	0	1	1	3
1024	2	2	4	1	.	.	4	4	2	3	3	3	3	4	3	3
1025	2	3	3	0	0	.	3	1	0	4	2	2	2	1	3	3
1026	1	0	3	.	0	.	2	2	0	3	.	3	.	.	2	2
1027	3	.	3	0	.	.	2	3	2	3	2	3	3	3	3	2
1028	1	0	0	1	0	0	3	2	0	3	1	2	1	1	2	3
1029	0	0	4	.	0	0	1	2	1	1	2	2	2	1	2	2
1030	2	2	1	1	1	0	3	4	0	2	2	1	1	1	4	4
1031	0	0	4	0	0	0	0	1	0	3	0	2	1	1	2	4
1032	2	3	0	.	0	.	3	0	0	3	0	2	2	2	0	0
1033	1	0	2	0	0	0	1	0	0	2	4	2	2	2	2	4
1034	4	3	4	.	.	.	1	3	0	4	3	3	3	4	3	2
1035	4	3	3	2	1	.	3	2	0	1	2	2	3	2	3	3
1036	3	0	3	1	0	0	0	1	0	2	1	2	0	1	3	3
1037	2	0	1	0	0	.	1	0	0	4	1	2	0	0	3	3
1038	3	2	4	.	.	1	4	2	3	3	3	3	3	2	4	4
1039	4	2	3	2	.	2	1	4	.	2	2	3	1	2	2	4
1040	3	4	2	2	.	1	0	4	1	3	3	2	4	3	2	2
1041	1	1	1	0	.	.	3	1	0	2	1	3	2	2	3	2
1042	4	0	2	1	0	1	2	2	1	2	2	2	2	2	4	2
1043	4	2	3	.	0	.	1	3	0	3	3	3	2	3	4	3
1044	.	.	.	1	0	0	0	0	1	0	1	3	4	3	2	4
1045	2	0	2	1	0	.	1	2	0	2	2	1	1	1	1	3
1046	.	0	.	2	0	1	4	0	0	0	0	0	1	1	.	.
1047	.	0	2	0	.	.	2	1	1	1	2	2	1	1	2	3
1048	2	1	2	1	.	2	1	3	3	2	3	3	2	3	3	2
1049	1	0	2	0	0	.	1	1	1	2	2	2	2	2	3	4
1050	3	0	3	.	.	2	0	1	1	1	2	2	2	2	3	4
1051	4	0	2	0	0	0	2	2	2	3	3	4	2	2	3	3
1052	2	0	1	0	0	0	0	1	1	1	2	0	0	0	1	3
1053	3	0	2	0	.	.	1	4	0	2	2	4	2	2	2	2
1054	2	2	2	1	.	.	2	3	2	2	2	2	2	2	.	3
1055	1	0	1	0	0	.	2	2	3	2	1	0	0	0	0	3
1056	4	3	3	2	.	.	2	1	3	4	2	4	3	2	4	3
1057	2	0	4	0	0	0	2	0	0	3	0	2	0	2	2	3
1058	3	1	4	1	0	.	2	2	2	3	2	4	3	3	3	1
1059	0	0	0	0	.	.	0	1	0	1	1	3	0	0	4	4
1060	2	1	4	1	0	0	2	1	2	4	3	1	3	2	2	2
1061	0	1	2	0	0	0	1	1	0	3	4	1	2	1	4	2
1062	3	3	4	1	1	0	2	3	0	3	2	4	3	3	2	1
1063	4	0	3	0	0	.	1	3	3	2	3	3	3	3	4	3
1064	.	4	2	1	2	.	.	3	.	4	4	4	.	4	4	4
1065	.	.	3	.	.	.	2	2	.	3	2	2	3	2	2	2
1066	4	2	3	1	0	0	1	3	2	2	1	2	3	2	3	3
1067	.	1	3	2	.	.	1	1	2	.	2	2	2	2	.	3
1068	2	0	2	0	0	0	1	0	0	2	0	2	0	0	1	2
1069	3	1	1	.	.	.	1	3	.	2	3	3	3	2	3	3
1070	4	1	3	2	0	.	0	2	2	1	2	1	2	3	3	3
1071	.	.	4	1	.	.	.	.	3	2	.	4	3	3	.	4
1072	1	0	3	2	2	2	4	3	2	2	4	2	4	3	2	1
1073	3	0	2	.	0	.	2	2	0	2	2	1	.	2	.	3
1074	3	1	4	1	.	.	2	3	1	2	1	2	2	1	2	2
1075	2	2	2	1	1	1	2	2	1	2	2	2	2	2	2	2
1076	3	0	3	0	0	0	2	2	2	2	2	3	1	2	2	2
1077	4	2	3	1	1	2	3	4	.	2	4	3	3	3	3	3
1078	1	3	4	0	.	0	2	4	1	4	1	4	4	4	4	2
1079	0	.	3	0	.	.	1	1	.	3	0	2	1	0	.	3
1080	3	0	2	2	.	.	0	1	1	2	3	1	2	1	3	3
1081	0	0	3	0	0	.	0	1	0	1	0	1	1	0	2	3
1082	2	0	3	.	0	1	2	4	3	1	3	2	1	2	3	3
1083	0	2	2	1	0	.	1	2	.	1	3	2	1	0	2	3
1084	1	0	2	0	0	.	0	0	0	2	2	2	0	1	2	4
1085	3	0	3	0	1	.	3	3	0	3	3	3	3	3	4	4
1086	1	0	3	.	.	0	1	2	0	2	2	2	2	3	2	3
1087	2	0	2	.	0	1	1	2	1	3	.	3	2	0	2	3
1088	3	0	3	0	0	0	0	0	2	2	0	1	2	0	0	2
1089	4	.	4	1	.	.	0	3	3	2	4	4	4	4	.	3
1090	0	0	2	0	0	.	2	1	0	1	1	2	0	1	.	3
1091	0	0	2	0	0	0	1	1	0	2	0	2	2	2	2	2
1092	4	3	3	1	.	.	1	2	1	3	2	2	2	2	2	3
1093	2	1	4	1	0	0	2	2	3	3	2	2	2	3	1	3
1094	4	3	2	1	.	.	1	2	3	4	4	2	3	3	3	3
1095	2	4	3	.	.	.	1	1	1	2	2	2	3	3	.	3
1096	1	0	2	1	0	1	1	1	1	3	2	2	2	2	1	2
1097	4	3	3	.	.	.	2	2	1	3	2	3	2	3	4	2
1098	4	2	4	2	.	.	2	3	2	3	2	3	3	2	3	2
1099	2	2	3	1	0	0	2	1	1	4	0	2	1	1	3	3
1100	4	0	4	2	.	.	4	4	2	4	.	4	4	3	.	4
1101	3	1	3	.	.	.	1	3	1	3	3	2	2	2	3	3
1102	2	2	.	1	1	1	2	2	.	3	2	2	2	2	.	2
1103	2	2	4	2	0	0	3	4	.	2	3	3	4	2	3	3
1104	0	0	1	.	0	.	0	1	1	3	1	1	1	1	2	1
1105	2	3	2	1	0	0	1	1	.	3	2	2	1	2	3	2
1106	.	.	2	0	0	.	2	2	.	2	.	3	4	4	4	3
1107	4	0	2	1	.	.	0	1	1	2	3	0	1	1	0	3
1108	.	0	2	0	.	.	2	2	0	4	.	2	1	2	3	3
1109	0	0	0	0	0	.	0	0	0	2	1	0	0	0	0	3
1110	3	1	3	0	0	0	1	3	.	3	4	.	3	3	3	4
1111	3	0	3	.	0	.	1	2	1	2	2	3	.	.	.	2
1112	4	0	4	.	.	.	2	2	3	3	2	2	2	2	2	2
1113	4	2	3	2	.	.	2	4	3	4	2	2	4	0	.	0
1114	3	.	2	1	.	.	2	.	1	3	.	2	2	1	2	3
1115	3	3	4	2	1	2	2	3	1	4	2	3	3	3	4	2
1116	0	0	0	1	0	0	2	2	0	3	2	1	0	2	2	4
1117	.	3	2	0	0	0	2	4	.	3	2	4	3	3	4	3
1118	1	0	1	0	.	.	0	2	0	1	2	1	0	1	4	2
1119	.	.	.	.	.	.	.	.	.	.	.	.	.	.	.	.
1120	2	0	4	1	0	0	2	2	2	2	2	2	2	1	2	3
1121	1	1	3	1	.	.	2	2	0	3	3	3	0	3	1	4
1122	0	0	2	2	0	0	1	2	1	2	0	2	2	2	2	2
1123	4	1	4	1	0	.	3	2	1	3	1	3	2	3	2	3
1124	4	1	2	1	.	.	1	2	1	3	2	4	.	3	4	3
1125	4	3	2	1	1	.	3	2	1	3	3	2	1	2	3	2
1126	1	0	4	.	.	.	0	0	0	1	1	0	1	1	2	3
1127	3	0	2	.	0	.	1	2	0	2	.	2	2	2	3	2
1128	4	2	4	0	.	.	2	2	.	2	1	2	3	2	3	2
1129	4	.	2	0	.	.	0	2	1	2	2	2	2	2	2	2
1130	3	0	2	1	.	.	1	2	1	2	2	2	1	1	1	3
1131	3	0	0	0	0	1	0	2	0	1	1	1	2	2	1	3
1132	4	0	3	1	.	0	1	3	1	2	.	2	2	1	1	2
1133	4	1	4	.	0	.	2	4	0	2	.	4	0	4	4	4
1134	2	2	0	.	0	.	3	3	2	2	1	3	2	2	2	1
1135	.	4	2	2	.	.	3	3	3	2	2	4	3	3	3	0
1136	4	2	2	2	1	1	2	3	1	2	2	2	2	2	2	2
1137	3	0	2	0	0	0	1	3	0	2	1	3	1	2	2	3
1138	0	0	2	0	0	0	2	1	1	1	2	2	1	1	1	2
1139	3	1	3	1	.	.	1	2	0	4	3	2	2	3	2	3
1140	.	0	3	1	.	1	2	3	2	2	3	2	3	.	2	3
1141	1	4	4	2	2	1	3	4	2	4	3	4	3	3	2	3
1142	0	1	3	1	1	.	0	3	2	3	1	3	4	4	3	1
1143	1	0	2	1	0	.	1	2	3	2	1	1	1	2	1	3
1144	2	1	3	1	0	.	1	1	1	3	2	1	0	0	3	3
1145	0	0	3	0	1	.	2	2	1	2	2	1	1	1	2	3
1146	2	1	4	.	.	.	1	3	2	3	2	4	3	2	3	2
1147	2	2	2	0	0	.	2	.	.	2	.	2	.	.	2	2
1148	2	.	3	.	0	1	1	2	1	3	2	1	3	3	.	3
1149	2	0	4	1	.	.	0	4	.	4	.	0	2	.	3	0
1150	2	0	2	0	0	.	1	0	0	0	1	0	1	0	0	4
1151	3	0	3	1	0	0	3	2	1	2	2	3	1	2	2	4
1152	.	0	3	.	.	.	2	1	1	2	0	1	0	0	1	4
1153	0	0	2	1	0	0	0	0	0	1	1	1	0	0	1	2
1154	1	1	2	2	.	.	4	2	2	3	.	4	2	2	4	2
1155	4	1	3	1	.	0	1	1	1	3	2	2	1	0	2	3
1156	3	0	2	.	.	.	2	2	1	2	3	3	2	2	2	2
1157	2	1	1	1	0	0	1	1	0	2	1	2	1	2	3	2
1158	.	0	2	1	0	.	0	3	1	1	.	1	2	1	2	2
1159	0	0	1	.	.	1	1	1	.	1	3	2	3	2	2	3
1160	2	0	2	0	0	0	1	1	1	2	3	2	2	2	3	3
1161	2	2	3	2	0	.	1	1	2	3	4	1	2	2	3	3
1162	3	0	1	1	0	.	0	1	3	2	1	1	1	0	1	4
1163	0	0	3	0	0	.	2	2	.	1	2	1	2	2	3	2
1164	1	1	2	1	.	.	2	1	0	2	1	2	2	2	2	3
1165	3	2	3	1	.	1	1	1	2	3	3	3	2	1	2	3
1166	4	0	4	0	.	.	1	1	.	3	3	3	3	3	3	2
1167	1	0	1	0	0	0	2	0	1	1	1	1	2	1	4	3
1168	1	.	3	0	0	.	0	2	1	2	4	2	3	1	1	3
1169	3	2	3	2	.	.	1	2	.	2	2	3	3	3	4	3
1170	3	1	4	2	1	.	2	2	2	2	3	2	1	2	3	3
1171	.	.	2	1	0	.	3	3	0	2	.	2	2	2	.	2
1172	4	0	4	0	0	.	1	3	0	2	0	2	2	.	0	2
1173	.	.	3	1	.	1	2	2	1	2	1	1	1	.	1	1
1174	3	3	1	1	.	.	2	2	.	1	2	3	2	2	3	3
1175	3	.	2	1	.	.	1	2	2	4	2	3	3	2	3	3
1176	3	3	1	0	.	2	1	2	2	2	1	1	2	1	1	2
1177	4	0	4	0	2	0	2	4	3	4	3	4	4	4	4	2
1178	1	2	2	1	.	.	1	1	1	2	1	2	1	1	1	2
1179	4	4	4	1	2	1	4	3	3	3	1	4	2	3	3	1
1180	3	1	4	1	0	.	2	1	1	2	3	2	3	2	3	3
1181	.	0	3	0	0	0	2	1	1	2	.	1	0	1	2	3
1182	4	0	2	0	0	0	1	3	1	3	2	1	1	0	2	3
1183	4	1	4	.	.	.	3	1	1	1	1	1	2	3	3	3
1184	3	4	4	.	1	2	4	4	3	4	3	4	4	4	4	1
1185	3	0	4	2	.	2	2	2	2	4	.	3	3	2	3	2
1186	4	0	4	2	.	.	2	2	3	4	2	3	3	3	4	2
1187	2	0	0	0	0	0	0	2	2	2	.	2	2	0	2	3
1188	.	2	.	.	.	.	.	.	1	.	.	.	.	.	.	.
1189	0	0	2	0	0	0	2	1	0	2	1	1	1	0	3	3
1190	0	0	2	0	0	0	1	1	1	3	1	2	2	2	1	3
1191	0	0	3	.	0	.	1	2	0	1	2	0	.	.	.	2
1192	.	2	.	1	.	2	0	.	1	4	.	.	.	.	.	2
1193	1	0	1	1	1	0	2	2	0	1	1	2	1	1	2	4
1194	3	3	2	1	2	2	3	2	1	2	2	2	3	4	3	2
1195	3	0	2	1	.	1	1	1	.	1	2	1	1	.	1	2
1196	0	.	2	0	.	.	1	0	0	2	.	.	2	0	4	2
1197	2	1	1	0	.	.	2	2	0	3	3	3	1	2	4	4
1198	4	1	4	0	0	.	0	2	.	4	0	2	2	2	3	2
1199	1	0	.	0	0	0	1	0	0	0	0	1	1	1	2	3
1200	1	0	3	1	.	.	2	1	3	4	2	3	2	2	2	3
1201	2	3	3	0	0	0	2	3	1	2	1	2	2	2	3	2
1202	0	0	2	1	.	.	1	1	0	.	.	0	2	2	.	3
1203	.	1	2	2	.	1	3	.	0	3	0	2	2	3	.	2
1204	2	3	4	.	0	.	3	3	2	4	2	2	2	4	2	2
1205	2	0	3	1	2	1	1	2	2	3	3	3	3	4	3	3
1206	1	0	2	0	0	.	2	2	2	0	2	0	1	0	0	3
1207	2	3	4	0	.	.	1	1	1	2	1	1	1	1	2	3
1208	2	1	2	1	.	.	1	2	1	2	2	1	2	2	3	3
1209	3	0	4	.	.	.	2	4	2	3	4	4	.	2	3	3
1210	4	4	3	.	.	.	1	2	3	1	4	2	1	1	4	1
1211	.	.	2	0	.	.	2	1	.	2	.	2	1	1	3	1
1212	2	0	4	1	.	2	0	1	1	1	2	3	3	.	2	2
1213	4	1	0	0	0	.	2	1	0	2	1	3	2	2	4	3
1214	3	0	4	1	.	1	2	2	3	.	2	2	2	4	2	2
1215	4	1	2	1	1	.	2	1	2	2	2	1	2	3	4	2
1216	2	2	2	1	1	2	0	2	1	2	3	2	3	2	3	2
1217	.	3	3	1	2	1	3	4	2	3	4	4	3	2	3	2
1218	4	0	4	.	.	2	2	4	2	4	.	3	4	3	4	2
1219	2	2	4	1	1	2	4	4	2	4	3	4	3	3	1	3
1220	1	0	3	1	1	.	2	0	2	2	2	1	3	3	0	3
1221	0	0	1	0	1	1	0	1	0	3	1	1	1	1	3	2
1222	2	1	2	1	.	1	2	2	2	3	3	2	2	2	3	2
1223	0	4	0	0	0	0	0	0	0	4	0	0	0	0	4	4
1224	0	0	3	.	.	.	1	0	2	1	2	1	1	1	1	2
1225	0	0	1	.	0	0	1	1	0	1	2	1	1	2	3	3
1226	3	2	3	1	1	.	2	3	2	3	2	2	3	2	2	2
1227	4	2	2	1	.	.	1	0	2	2	2	1	2	1	.	3
1228	3	3	3	0	1	.	1	3	2	2	1	4	3	2	4	2
1229	4	.	2	2	.	1	3	1	0	1	2	1	2	2	.	0
1230	0	0	2	0	0	0	1	1	0	3	1	1	1	1	3	3
1231	2	2	4	1	.	2	1	3	2	2	3	3	3	2	3	3
1232	2	.	1	0	.	1	3	3	2	4	1	4	4	4	4	3
1233	4	.	3	2	0	.	2	3	.	2	2	3	2	2	4	2
1234	1	4	3	0	0	0	1	1	0	2	1	0	1	0	1	2
1235	3	2	0	2	1	2	.	.	.	.	.	.	.	.	.	.
1236	3	2	0	0	.	.	0	3	2	4	0	4	1	3	4	1
1237	2	1	3	1	.	1	3	4	3	4	3	4	4	4	4	2
1238	0	0	1	1	0	.	0	1	0	2	2	0	2	2	2	3
1239	2	1	3	1	0	0	0	0	0	4	3	2	0	1	2	3
1240	4	2	0	2	0	1	2	.	0	4	2	2	4	2	.	0
1241	.	0	2	.	0	.	0	2	0	2	0	0	0	0	3	2
1242	0	0	3	1	0	.	0	0	0	3	2	0	1	1	2	4
1243	3	1	3	1	.	.	2	1	0	3	3	1	2	1	2	3
1244	4	4	4	.	1	2	3	4	1	3	2	4	4	4	3	2
1245	4	4	2	1	0	.	0	2	1	4	2	3	2	1	2	3
1246	3	1	3	1	0	.	4	.	1	2	1	2	1	1	3	4
1247	0	0	3	1	0	0	3	2	2	3	0	2	3	3	.	2
1248	1	0	3	1	0	.	1	1	.	1	0	2	1	2	0	4
1249	4	1	2	1	0	.	1	3	0	4	2	3	3	2	3	2
1250	3	0	3	1	.	.	0	1	0	3	2	1	2	1	3	3
1251	3	2	.	1	.	.	2	2	1	2	2	1	3	2	3	1
1252	0	0	2	1	0	.	2	1	.	1	.	.	.	.	.	1
1253	3	1	2	2	1	1	1	2	1	2	3	2	3	2	2	3
1254	2	3	3	1	1	1	2	3	1	2	2	2	3	3	3	3
1255	4	0	1	1	.	0	1	1	0	2	1	0	1	1	1	4
1256	2	.	0	.	.	.	2	2	1	3	.	4	.	.	.	.
1257	1	4	1	0	0	0	2	2	0	2	2	1	2	2	2	1
1258	3	3	4	1	0	1	3	4	1	4	3	4	3	2	4	4
1259	4	0	0	1	0	.	3	1	.	1	.	.	.	0	1	1
1260	1	0	1	0	.	.	2	3	1	1	2	1	1	1	4	2
1261	2	0	1	0	0	0	2	0	0	2	1	2	1	1	3	3
1262	0	0	.	.	.	.	.	.	.	.	.	.	.	.	.	.
1263	2	0	2	1	.	.	1	2	1	2	0	2	2	2	1	4
1264	0	0	3	.	0	0	0	1	0	2	0	1	0	2	2	3
1265	0	4	4	1	0	0	1	1	3	4	4	4	4	4	4	3
1266	2	2	1	2	1	0	1	2	0	1	0	0	3	1	1	2
1267	3	2	4	1	0	0	3	4	1	3	2	4	4	4	4	3
1268	3	3	2	0	1	1	0	2	0	4	0	3	2	2	4	3
1269	3	2	4	1	0	.	2	2	0	2	4	4	3	3	4	3
1270	2	3	4	1	.	.	0	.	3	.	.	.	.	.	.	2
1271	3	.	4	1	.	.	2	4	3	2	4	2	3	2	1	1
1272	2	1	4	1	0	0	1	3	0	2	3	1	1	2	3	2
1273	2	1	3	2	0	1	2	2	2	3	2	3	3	3	2	3
1274	1	0	4	0	.	.	1	1	1	3	3	2	2	2	1	4
1275	2	0	2	2	.	.	1	1	1	3	.	2	2	2	2	4
1276	2	3	2	1	1	0	2	3	2	1	1	1	2	2	3	3
1277	.	.	3	.	.	.	2	3	1	2	2	2	2	.	.	2
1278	0	0	3	0	.	.	3	2	2	3	.	3	0	0	2	3
1279	1	0	4	.	0	0	2	1	2	2	1	2	2	2	2	4
1280	3	.	2	0	.	.	2	2	1	2	2	2	2	2	3	3
1281	0	0	3	1	0	.	0	2	1	3	2	1	0	0	1	4
1282	1	0	3	0	.	.	2	1	1	2	3	3	2	3	3	3
1283	0	0	2	0	0	2	2	2	1	0	2	.	.	.	.	.
1284	2	2	2	2	2	1	2	2	1	4	4	2	3	3	3	2
1285	4	1	2	.	0	0	0	3	2	1	2	2	3	3	.	3
1286	3	3	4	1	1	0	2	3	2	4	3	4	2	2	4	2
1287	0	0	3	0	0	0	2	1	1	0	.	2	2	2	2	1
1288	3	1	3	.	.	.	2	3	.	2	2	3	2	2	2	3
1289	4	2	2	1	2	1	2	3	2	2	3	2	2	2	.	2
1290	4	4	2	.	0	.	4	3	2	3	3	4	3	1	4	0
1291	.	.	.	1	.	.	2	.	1	.	3	.	.	.	.	2
1292	3	3	3	1	1	1	3	3	2	3	3	2	3	3	3	3
1293	3	3	3	1	1	1	3	3	2	3	3	3	3	3	3	3
1294	3	1	2	.	.	.	1	1	2	2	1	2	1	1	2	3
1295	0	0	3	0	0	0	0	0	0	2	0	1	1	1	0	3
1296	1	1	3	1	1	0	2	2	0	2	2	3	3	3	3	3
1297	2	0	3	1	.	0	1	1	1	2	2	2	1	1	1	3
1298	3	.	4	.	0	.	3	2	0	2	.	3	2	2	1	3
1299	0	0	2	0	0	0	2	1	0	3	1	2	1	3	3	3
1300	0	0	1	0	0	0	0	0	0	1	3	0	2	1	0	3
1301	3	3	3	0	1	.	0	0	1	.	.	1	0	0	0	0
1302	2	0	4	.	.	1	2	2	3	2	2	3	3	3	3	2
1303	3	3	2	1	.	0	2	1	1	2	2	2	2	2	3	2
1304	1	1	3	1	0	.	1	1	0	3	1	2	1	1	1	2
1305	2	0	3	.	.	.	.	.	.	.	.	.	.	.	.	.
1306	.	.	.	.	.	.	.	.	.	.	.	.	.	.	.	.
1307	.	3	4	1	.	1	2	2	3	.	.	.	.	.	.	4
1308	.	.	.	.	.	.	.	.	.	.	.	.	.	.	.	.
1309	2	3	3	1	1	0	1	2	2	4	3	1	4	2	4	3
1310	.	.	.	.	.	.	.	.	.	.	.	.	.	.	.	.
1311	3	3	3	0	1	2	3	3	3	3	3	3	3	3	3	3
1312	0	0	4	1	0	2	3	3	2	3	4	3	4	4	4	3
1313	.	.	.	.	.	.	.	.	.	.	.	.	.	.	.	.
1314	2	2	3	2	1	0	1	0	1	3	2	1	3	2	1	4
1315	1	0	3	1	0	.	1	1	0	2	1	2	1	1	1	3
1316	1	1	2	1	.	.	2	2	1	4	0	3	1	2	3	2
1317	.	0	2	0	0	.	0	0	0	2	0	3	1	2	3	2
1318	3	3	4	2	1	1	2	2	2	2	3	4	4	4	4	4
1319	2	2	1	1	0	1	1	2	1	2	2	2	2	2	2	3
1320	1	3	1	.	.	2	1	1	2	3	3	3	3	3	2	1
1321	3	2	3	1	.	1	3	3	0	2	2	3	2	2	3	3
1322	2	2	2	0	0	0	2	2	0	4	2	2	2	2	2	2
1323	3	3	4	1	1	.	3	2	3	3	3	4	3	3	3	2
1324	4	1	4	1	0	.	3	2	3	1	3	2	2	1	4	2
1325	2	2	3	1	0	.	0	2	0	2	2	0	2	1	0	4
1326	.	0	4	0	0	.	3	2	0	4	0	0	1	.	1	4
1327	.	.	.	.	.	.	.	.	1	2	2	2	1	2	3	.
1328	3	2	3	2	1	0	2	0	1	.	.	.	.	.	.	3
1329	2	2	3	1	.	.	2	2	3	2	1	3	2	2	4	3
1330	1	1	2	1	0	.	2	1	.	3	2	3	2	2	4	3
1331	.	0	.	.	2	.	2	2	3	2	.	4	3	3	2	1
1332	4	2	3	2	.	2	2	1	1	3	3	2	2	2	4	1
1333	2	0	2	0	0	1	2	2	0	2	2	2	3	3	2	3
1334	3	2	3	.	.	.	3	2	1	2	3	2	2	3	3	3
1335	2	2	4	1	0	1	2	3	3	3	2	3	3	3	3	2
1336	4	4	4	2	2	2	2	4	.	.	.	.	.	.	.	3
1337	3	3	2	0	1	1	2	2	1	2	1	3	3	3	2	3
1338	3	1	4	.	0	.	3	1	.	3	.	2	0	0	.	3
1339	.	0	3	1	0	.	2	0	2	1	1	1	0	0	0	4
1340	3	1	2	1	.	.	1	1	1	2	2	2	2	2	3	2
1341	4	1	2	.	0	2	2	3	0	3	2	2	2	2	3	2
1342	3	3	3	1	1	1	3	2	2	2	2	2	2	2	2	3
1343	.	0	2	1	0	.	2	3	0	2	1	2	1	0	1	3
1344	0	0	4	0	0	1	2	0	2	4	1	1	4	2	0	4
1345	3	2	4	1	.	1	2	2	1	.	2	3	2	3	4	2
1346	4	4	4	2	.	2	4	4	3	4	4	4	4	4	4	2
1347	3	2	4	1	.	1	3	2	.	2	2	.	2	2	1	2
1348	3	1	3	1	1	.	2	1	0	1	2	1	1	2	1	3
1349	2	1	0	0	0	1	1	1	1	1	1	2	2	2	2	2
1350	2	0	2	1	0	1	3	1	1	0	0	2	2	2	1	3
1351	.	0	4	1	2	1	0	2	.	3	2	3	1	2	1	2
1352	2	0	3	.	.	.	2	2	1	3	2	4	3	2	2	2
1353	1	1	2	0	0	1	2	3	3	2	1	2	2	2	2	2
1354	1	0	2	0	.	2	2	0	0	2	0	2	1	1	1	3
1355	1	2	3	1	0	.	2	3	0	2	3	3	2	3	2	2
1356	4	2	4	1	1	.	0	2	0	4	0	0	3	3	4	3
1357	3	3	3	.	.	.	.	.	.	.	.	.	.	.	.	.
1358	.	.	3	.	0	.	2	2	0	2	.	.	0	0	.	.
1359	2	.	3	1	1	1	2	.	3	3	3	3	3	2	3	4
1360	4	.	3	1	.	0	2	4	3	1	.	3	2	3	4	2
1361	2	1	4	1	0	.	3	4	3	2	2	4	1	1	2	3
1362	2	3	3	1	.	1	1	4	2	2	2	3	3	3	4	2
1363	0	0	0	0	0	0	0	0	0	4	0	0	0	1	0	0
1364	.	.	.	.	.	.	.	.	.	.	.	.	.	.	.	.
1365	.	.	.	.	.	.	.	.	.	.	.	.	.	.	.	.
1366	0	0	2	.	.	.	.	.	.	.	.	.	.	.	.	.
1367	4	4	3	2	2	2	2	0	3	4	4	4	3	1	.	.
1368	2	4	2	1	2	1	3	3	3	4	2	3	3	3	3	4
1369	4	4	4	2	2	1	4	4	3	4	4	4	4	4	4	1
1370	.	.	2	1	.	.	3	3	1	2	1	3	2	3	4	1
1371	3	3	3	1	.	.	3	3	.	.	3	3	3	3	3	0
1372	2	3	4	2	1	1	3	2	3	1	.	3	4	4	4	0
1373	2	4	4	2	.	.	3	2	2	2	2	3	3	3	2	0
1374	2	3	3	1	0	0	2	2	1	3	3	3	2	3	3	3
1375	3	4	3	1	.	.	2	3	2	3	2	2	3	3	2	0
1376	4	4	2	1	1	1	2	2	2	2	2	2	2	2	2	2
1377	2	4	4	1	.	1	.	.	.	2	.	.	.	.	.	.
1378	4	4	3	1	.	.	4	4	3	4	4	4	4	4	2	0
1379	4	4	4	2	.	.	3	4	3	4	3	4	3	3	4	1
1380	1	0	2	0	.	1	0	1	0	0	1	1	1	1	1	4
1381	2	1	3	2	0	2	3	4	.	2	2	3	2	3	3	2
1382	1	.	2	.	1	0	.	3	2	2	1	2	2	2	3	1
1383	4	4	3	.	.	.	4	4	.	1	.	3	3	3	3	2
1384	2	2	3	1	0	0	2	2	3	4	2	2	2	3	3	2
1385	3	3	4	0	2	0	2	2	1	0	0	3	2	2	3	2
1386	2	4	4	.	1	.	2	2	1	4	2	2	2	4	4	4
1387	3	.	.	.	.	.	2	3	1	3	2	3	.	.	.	.
1388	2	4	1	1	1	.	3	3	2	4	2	3	2	3	2	0
1389	2	4	0	2	.	2	4	3	2	3	2	3	3	3	3	0
1390	.	.	4	1	.	.	.	4	3	4	4	4	.	.	4	1
1391	4	4	3	1	1	.	0	3	2	4	2	3	3	3	3	0
1392	3	4	3	2	1	2	4	4	3	4	2	2	3	4	3	1
1393	.	3	2	1	.	.	3	4	2	4	2	4	2	2	3	1
1394	3	.	3	2	1	.	.	2	2	2	2	4	3	3	3	2
1395	.	.	1	.	0	.	.	.	0	.	.	.	.	.	.	.
1396	3	2	.	1	.	.	2	3	.	.	.	3	3	3	3	1
1397	4	0	0	2	.	.	3	0	.	4	.	4	1	1	3	0
1398	3	2	1	1	2	.	3	2	.	3	.	4	3	3	2	1
1399	2	4	3	2	.	.	3	3	1	4	2	4	3	2	1	1
1400	3	2	.	1	.	.	3	4	3	2	.	2	2	2	1	2
1401	4	3	4	.	.	.	1	3	2	.	.	4	3	3	4	0
1402	1	1	1	1	.	1	3	2	.	3	.	3	2	2	0	0
1403	3	3	3	1	.	.	3	4	2	2	2	3	3	3	2	2
1404	3	4	.	2	2	.	3	.	3	2	.	.	.	2	3	.
1405	4	4	.	.	.	2	.	.	.	4	4	2	.	.	3	.
1406	.	2	2	1	0	1	2	2	.	4	2	2	2	4	2	1
1407	.	.	4	0	.	0	4	4	3	4	4	4	0	0	3	0
1408	3	2	4	2	1	2	4	4	3	3	3	4	4	4	4	1
1409	.	.	2	.	.	.	.	.	.	2	2	2	.	.	.	.
1410	2	2	2	1	1	1	2	2	0	2	2	.	.	.	.	2
1411	3	3	3	2	1	2	3	3	2	2	2	2	2	2	2	2
1412	2	2	0	0	0	2	4	0	.	3	3	0	1	1	1	4
1413	2	3	2	0	1	.	2	2	1	1	1	1	1	1	2	2
1414	2	1	1	1	1	2	2	0	1	2	0	1	2	1	3	2
1415	2	1	4	.	.	.	.	.	.	.	.	.	.	.	.	.
1416	2	2	2	.	.	.	4	2	.	2	2	.	.	.	.	3
1417	2	2	2	1	1	1	2	2	.	.	.	.	.	.	.	2
1418	4	4	4	2	2	2	4	4	3	4	4	4	4	4	4	4
1419	2	2	2	1	1	1	2	2	1	1	1	2	1	2	3	2
1420	0	0	2	1	1	1	2	2	0	2	2	0	2	2	2	2
1421	3	.	3	0	.	.	1	.	.	0	.	2	.	.	.	1
1422	1	1	3	1	.	2	1	0	1	3	2	3	4	3	3	3
1423	4	2	4	1	2	1	3	3	3	4	4	3	3	3	3	4
1424	1	3	4	1	1	1	2	2	3	3	2	3	4	3	4	3
1425	1	0	3	0	0	0	0	1	0	2	2	0	0	3	1	3
1426	.	.	.	2	.	.	0	.	3	2	.	0	0	0	0	.
1427	0	0	2	1	.	.	2	1	0	1	1	1	2	2	2	4
1428	2	1	2	1	1	.	1	3	1	1	2	2	1	2	2	3
1429	3	2	2	1	1	1	3	2	1	1	4	2	3	2	2	3
1430	0	0	0	.	.	0	0	0	2	2	.	3	.	.	4	2
1431	2	2	2	.	.	.	.	.	2	2	2	.	2	2	2	.
1432	3	0	4	1	1	1	3	0	0	2	0	2	2	2	2	4
1433	1	0	2	0	0	1	1	2	2	1	1	2	1	1	2	3
1434	2	0	3	0	0	0	.	.	2	2	2	1	2	1	2	.
1435	2	1	.	.	.	1	1	.	1	2	2	2	4	3	.	2
1436	2	1	2	1	0	0	1	2	0	0	1	2	.	2	2	3
1437	0	0	2	0	0	0	0	0	0	0	0	0	0	0	3	2
1438	3	2	3	.	0	1	2	1	2	3	1	0	1	2	1	2
1439	.	.	0	0	0	.	2	0	0	2	2	4	2	2	2	3
1440	3	2	2	1	1	1	2	2	1	2	3	3	2	2	3	2
1441	1	0	4	1	0	.	1	1	0	1	1	2	2	2	2	2
1442	2	3	4	1	0	1	2	2	1	4	2	3	1	3	3	3
1443	3	2	1	0	.	.	0	2	0	3	3	2	0	0	3	3
1444	0	0	1	.	.	.	1	2	0	0	.	4	.	.	4	2
1445	3	1	1	1	.	.	1	2	.	3	.	2	3	3	3	2
1446	0	.	2	0	0	0	2	0	0	2	1	3	2	2	3	4
1447	2	1	3	0	0	1	2	2	2	2	3	4	4	4	3	3
1448	2	4	4	1	1	2	2	.	1	3	2	0	3	2	3	4
1449	1	0	2	1	0	1	1	2	1	2	0	0	0	0	2	4
1450	1	0	4	0	0	.	1	3	1	1	0	0	2	4	4	4
1451	3	1	3	1	1	1	1	1	0	0	0	4	1	2	4	3
1452	3	1	4	0	0	.	2	3	1	3	.	3	3	4	4	3
1453	3	4	1	0	0	1	0	2	0	1	3	1	3	3	4	4
1454	4	0	3	2	0	1	2	2	0	3	.	2	3	2	3	2
1455	0	0	2	.	0	.	1	2	0	2	2	3	2	2	4	2
1456	0	0	3	.	.	.	.	.	.	.	.	.	.	.	.	.
1457	0	0	2	.	.	0	1	3	0	0	2	2	2	3	2	3
1458	.	0	2	0	1	2	1	1	1	3	3	2	3	2	0	4
1459	1	0	3	0	.	.	1	1	0	2	2	2	2	2	3	4
1460	0	0	3	1	0	1	3	1	0	2	1	1	1	1	1	3
1461	.	1	2	0	0	.	1	1	0	3	0	2	0	0	2	3
1462	0	0	1	1	1	0	0	0	0	0	0	0	0	0	0	4
1463	2	0	1	0	0	0	1	0	1	3	0	2	1	1	2	4
1464	1	0	1	1	1	.	0	2	0	1	0	2	0	1	2	1
1465	2	4	4	0	0	.	1	2	2	1	1	2	.	.	2	4
1466	0	0	1	.	0	.	1	0	.	1	0	1	0	0	3	3
1467	0	0	1	.	0	0	2	1	1	2	1	3	2	.	.	2
1468	1	0	3	1	0	.	2	2	2	2	3	2	3	3	3	3
1469	4	3	.	.	.	.	.	.	.	.	.	.	.	.	.	.
1470	.	1	2	.	0	0	0	1	0	1	1	2	2	1	2	4
1471	4	4	3	2	1	.	2	0	0	2	3	2	4	4	2	3
1472	1	0	3	.	0	0	1	1	1	2	1	2	2	2	2	3
1473	1	1	2	1	0	0	0	2	2	2	2	2	2	3	3	3
1474	3	4	3	1	1	1	4	4	3	2	2	3	1	2	2	3
1475	1	1	4	1	0	0	1	3	2	2	1	3	3	3	4	3
1476	0	0	2	1	0	.	1	1	2	2	1	2	2	2	1	3
1477	0	0	4	.	.	.	2	1	1	2	1	1	2	1	4	2
1478	0	0	0	1	0	0	0	0	0	1	0	2	0	0	2	4
1479	3	0	2	0	.	.	0	1	.	1	1	0	0	1	1	3
1480	0	0	2	.	1	.	0	0	0	3	0	2	1	2	2	3
1481	2	2	2	0	0	2	2	2	1	2	2	2	2	2	2	2
1482	3	3	3	2	2	0	3	3	2	2	3	3	3	3	3	3
1483	1	3	3	1	0	0	2	3	2	3	1	2	2	2	3	3
1484	0	1	2	1	1	1	1	0	1	0	1	1	1	1	4	4
1485	3	4	1	0	.	0	1	4	.	3	.	4	2	1	4	4
1486	.	.	3	1	0	2	2	2	1	2	3	4	.	.	.	4
1487	.	.	2	.	.	1	1	0	0	1	3	0	1	1	2	3
1488	2	2	3	.	.	.	3	2	2	1	1	0	3	3	3	4
1489	3	0	3	1	.	.	2	2	.	0	2	1	2	3	1	3
1490	2	2	2	.	.	1	3	3	1	3	3	4	4	4	4	4
1491	.	0	0	1	0	2	0	0	0	2	0	0	0	0	2	4
1492	0	0	2	1	.	1	2	2	1	2	2	2	2	2	2	3
1493	1	0	2	0	0	1	2	3	0	4	3	3	3	3	4	3
1494	0	0	3	1	0	.	3	2	0	2	2	2	1	1	3	4
1495	0	0	2	0	1	1	2	2	0	2	0	1	0	1	1	4
1496	4	4	4	2	2	2	4	4	3	2	1	4	4	3	2	4
1497	2	2	2	1	1	1	2	2	1	3	2	3	3	3	4	3
1498	.	2	3	.	0	.	1	1	3	2	.	3	3	2	4	2
1499	1	1	3	1	0	2	0	1	0	2	0	4	1	1	4	4
1500	0	0	2	0	0	1	0	0	0	2	1	1	2	2	2	2
1501	3	1	4	2	.	.	1	3	1	2	2	3	2	3	4	1
1502	.	2	4	0	0	.	.	.	.	.	.	.	.	.	.	.
1503	3	2	2	1	.	.	2	1	3	3	2	1	2	2	3	3
1504	1	1	3	1	1	.	1	2	0	1	1	1	2	2	2	4
1505	0	0	1	1	1	0	2	3	3	2	1	3	2	2	3	3
1506	2	2	.	0	0	1	2	1	3	2	4	2	.	2	2	4
1507	2	3	4	1	.	.	1	2	1	2	2	4	2	2	3	2
1508	1	0	3	.	0	.	1	1	0	2	1	2	2	1	3	3
1509	2	0	2	1	0	0	4	1	.	2	2	2	2	2	3	2
1510	1	0	0	.	.	0	2	0	0	2	.	0	0	1	0	2
1511	4	4	4	1	1	1	3	4	3	2	4	4	4	4	4	2
1512	1	0	0	.	.	1	0	1	0	1	0	1	1	1	0	3
1513	1	0	3	2	1	.	2	2	1	2	0	3	2	3	1	2
1514	4	0	0	0	0	0	0	0	0	0	0	0	0	0	0	4
1515	.	.	.	1	.	.	.	.	.	.	.	.	.	2	2	.
1516	.	.	2	1	0	.	1	.	2	0	2	1	3	3	.	3
1517	2	0	2	1	1	1	1	1	1	2	1	3	3	3	0	3
1518	.	0	4	1	.	.	2	3	2	3	3	4	4	4	3	2
1519	0	0	2	0	0	.	2	1	0	1	0	2	.	0	3	3
1520	0	0	3	1	0	.	0	0	1	1	0	2	0	0	1	3
1521	0	0	2	0	0	0	2	2	1	2	0	3	1	1	4	4
1522	3	2	3	1	0	0	2	1	0	2	2	2	2	2	2	3
1523	0	0	2	1	1	0	2	2	2	2	1	2	3	3	3	2
1524	2	2	2	1	.	0	1	1	3	3	2	2	2	2	2	2
1525	3	3	3	2	0	0	3	3	0	3	2	.	2	2	2	2
1526	1	0	2	0	0	0	0	0	0	0	0	2	2	1	3	3
1527	3	0	0	1	0	.	0	0	0	0	0	0	2	2	2	4
1528	0	0	3	2	0	0	0	0	0	1	3	0	1	1	2	3
1529	1	0	3	0	0	0	2	1	0	1	1	1	1	2	4	3
1530	2	0	3	0	0	.	1	2	1	3	1	2	2	3	4	3
1531	3	3	0	1	.	1	3	2	1	2	2	4	3	3	4	0
1532	1	.	3	1	0	.	0	0	1	2	1	0	2	2	1	3
1533	0	0	3	0	0	0	1	2	.	1	.	1	.	1	2	2
1534	0	.	4	2	.	2	4	0	0	2	0	2	2	3	4	4
1535	1	2	2	1	1	0	3	3	0	2	2	2	1	3	2	2
1536	3	2	2	1	0	.	0	2	.	1	1	1	0	0	2	4
1537	0	0	3	.	1	1	0	2	0	0	2	1	2	1	2	3
1538	.	4	3	2	1	0	0	0	0	1	1	2	2	2	1	3
1539	0	0	2	1	0	1	1	1	1	1	1	0	1	0	3	3
1540	2	3	4	1	0	2	1	3	1	2	2	3	4	2	1	4
1541	.	.	1	1	.	.	2	3	2	1	3	3	1	2	3	3
1542	0	0	.	0	0	.	.	2	1	2	.	2	3	3	4	4
1543	3	0	4	1	0	.	1	2	0	2	1	2	3	3	4	3
1544	2	2	2	1	.	.	1	2	1	1	2	2	2	3	2	3
1545	2	0	1	.	.	.	1	0	0	1	2	0	1	1	1	4
1546	4	4	0	0	1	1	2	4	3	1	4	1	4	3	4	4
1547	0	1	3	0	0	0	2	1	1	2	1	2	2	1	0	3
1548	4	2	4	.	0	.	2	3	1	3	3	4	4	4	3	4
1549	2	3	3	1	0	0	2	2	1	2	2	2	2	2	1	3
1550	0	0	0	.	.	.	0	0	0	0	.	1	0	0	0	4
1551	3	3	2	1	0	1	2	3	2	3	3	3	3	3	2	3
1552	1	0	3	.	0	1	1	2	1	1	2	2	1	1	1	2
1553	1	0	3	2	0	0	2	3	0	1	1	3	2	2	4	4
1554	3	0	3	0	0	1	1	2	2	0	1	1	2	2	3	3
1555	1	0	2	1	.	.	1	2	1	2	1	2	2	2	1	2
1556	0	0	2	0	0	.	2	1	0	3	0	0	2	1	1	3
1557	1	0	2	0	0	0	0	1	1	4	1	1	0	1	1	2
1558	0	0	3	0	0	1	1	2	0	3	1	3	1	1	2	4
1559	1	0	3	2	1	1	0	0	1	1	0	1	1	1	2	3
1560	1	0	3	1	1	.	0	3	0	2	2	2	2	1	3	2
1561	2	0	3	.	0	0	1	2	3	2	2	1	1	1	4	3
1562	1	0	3	2	.	0	2	2	1	1	2	2	2	2	2	3
1563	3	0	2	0	0	0	1	1	2	1	2	2	2	2	1	3
1564	4	0	4	0	.	.	2	4	2	3	3	2	2	3	4	3
1565	1	2	4	1	1	.	2	3	.	2	4	4	3	3	4	3
1566	1	0	3	1	0	0	2	1	0	1	2	2	1	1	3	2
1567	4	4	4	1	.	.	4	4	2	3	4	4	3	3	3	3
1568	4	4	0	1	0	.	0	0	0	3	2	2	0	2	2	2
1569	2	2	2	.	0	.	0	0	0	0	2	2	1	2	1	4
1570	4	4	4	1	.	.	0	2	3	0	4	4	2	2	2	4
1571	0	2	3	2	1	.	2	2	0	2	.	1	2	2	3	4
1572	1	0	1	1	0	0	1	1	1	1	2	1	1	1	2	2
1573	1	0	0	.	.	.	1	0	0	3	.	1	0	2	3	2
1574	2	0	1	0	0	.	1	3	0	2	1	3	3	3	3	2
1575	0	0	3	.	1	.	2	1	0	0	.	2	1	2	2	4
1576	2	2	4	.	.	.	2	2	3	1	2	4	3	3	3	2
1577	3	2	2	.	.	.	1	2	.	2	3	3	2	2	4	3
1578	2	0	2	0	1	2	4	4	3	2	4	4	4	4	4	2
1579	.	3	1	0	0	1	1	2	1	2	3	2	3	4	4	3
1580	1	2	1	0	.	1	1	1	0	2	1	1	1	0	4	2
1581	.	.	2	.	.	.	.	.	.	3	.	.	.	.	2	.
1582	1	1	3	1	0	0	1	2	1	0	2	4	2	2	3	3
1583	0	0	1	.	.	.	0	0	0	1	0	0	0	0	.	4
1584	1	0	3	1	0	.	2	2	3	1	2	4	3	4	3	4
1585	3	3	3	1	.	.	2	3	.	2	4	2	.	.	3	3
1586	0	4	2	.	0	0	0	2	0	.	.	0	0	4	3	3
1587	4	0	1	2	1	1	0	2	1	.	.	1	2	2	2	3
1588	1	1	2	1	0	0	2	0	1	2	0	0	1	1	2	3
1589	0	0	2	.	.	2	0	1	1	2	0	3	1	0	2	3
1590	3	3	2	0	0	0	1	2	1	3	1	3	1	4	4	4
1591	0	0	1	1	.	.	2	2	0	2	0	2	1	1	1	3
1592	0	.	3	0	0	0	1	1	0	2	1	2	.	1	2	2
1593	4	4	4	1	1	2	3	0	3	2	4	4	3	2	3	2
1594	0	4	4	0	.	.	2	3	2	2	2	2	2	2	1	1
1595	2	0	3	1	0	.	0	0	.	3	.	2	2	2	2	4
1596	2	0	1	1	.	.	2	2	2	4	3	0	2	1	1	3
1597	3	2	3	1	0	.	2	3	1	2	2	3	2	2	3	2
1598	0	0	2	0	0	0	2	0	0	0	1	1	2	2	1	1
1599	4	3	2	0	.	0	2	4	2	3	4	4	3	4	4	4
1600	2	0	3	1	1	1	2	1	1	3	2	3	3	2	2	2
1601	1	0	2	.	0	1	1	1	1	2	1	2	1	2	1	2
1602	2	0	0	.	.	.	2	3	0	4	2	4	2	2	2	2
1603	0	1	1	.	.	.	1	2	2	2	0	3	2	1	0	4
1604	4	2	4	2	1	.	2	4	.	3	2	4	3	3	2	3
1605	.	.	2	1	.	.	3	2	.	2	.	2	.	1	2	3
1606	0	0	0	1	2	.	1	0	0	.	2	2	1	2	4	3
1607	1	1	2	0	0	0	2	1	0	4	2	2	1	1	4	4
1608	1	0	1	2	0	0	1	1	1	2	2	2	1	2	2	3
1609	2	1	2	.	.	.	2	1	3	3	.	2	2	3	1	1
1610	3	0	3	1	.	.	1	.	2	3	1	2	3	0	2	3
1611	2	.	4	1	.	.	3	.	.	.	2	4	3	3	3	4
1612	3	2	3	0	.	1	1	1	3	3	2	2	2	2	3	3
1613	0	0	4	1	0	1	0	0	2	1	2	0	2	3	3	3
1614	3	3	3	1	.	.	2	2	3	2	3	2	2	2	2	2
1615	1	0	4	1	1	1	3	2	2	3	2	3	3	2	3	2
1616	3	1	3	0	0	0	1	0	1	3	1	2	1	1	3	2
1617	.	0	4	.	.	.	.	.	.	.	.	.	.	.	.	.
1618	2	1	3	1	1	1	1	3	0	2	2	3	2	3	3	2
1619	3	2	1	0	.	.	0	1	1	1	2	3	1	1	2	3
1620	.	0	3	.	.	.	2	3	2	3	2	3	2	2	2	2
1621	0	0	3	1	0	.	0	1	0	2	0	0	0	3	2	4
1622	2	3	3	1	2	1	2	3	1	3	3	3	3	3	4	3
1623	1	0	3	1	0	.	1	2	0	2	3	2	1	1	4	2
1624	0	.	4	1	0	.	3	3	1	1	2	4	2	3	3	4
1625	0	1	2	0	0	1	1	2	1	2	1	2	1	2	3	2
1626	1	0	3	1	0	.	2	3	3	1	2	3	2	2	1	2
1627	0	.	3	0	1	.	0	2	1	3	.	2	2	3	2	2
1628	2	2	2	1	0	.	2	2	0	2	2	2	.	2	3	3
1629	3	3	3	0	1	.	3	2	.	1	2	1	3	2	3	3
1630	1	4	1	2	0	.	2	0	0	1	3	0	2	2	2	3
1631	2	1	2	.	.	.	.	.	.	.	.	.	.	.	.	.
1632	0	2	2	1	0	1	4	0	1	2	1	1	1	2	2	4
1633	0	0	0	.	.	.	0	0	0	0	4	0	0	0	0	4
1634	3	2	1	2	1	.	0	2	0	2	3	3	2	2	.	2
1635	4	0	2	0	0	.	1	1	1	2	1	4	.	0	4	3
1636	2	4	2	1	.	2	2	4	3	4	2	4	.	.	4	2
1637	3	4	2	1	.	.	2	3	1	2	2	2	2	3	2	2
1638	2	1	4	1	0	2	0	0	1	2	2	1	2	2	3	2
1639	2	3	4	2	1	2	0	0	2	2	1	4	4	3	3	4
1640	3	4	3	.	.	.	1	2	1	3	2	3	2	2	3	3
1641	.	.	.	.	.	.	.	3	0	2	.	2	2	.	.	2
1642	2	2	.	.	.	.	2	2	.	4	.	4	2	2	.	2
1643	4	4	3	.	.	.	.	1	.	2	2	1	3	3	3	2
1644	0	0	4	1	0	1	1	3	2	4	3	4	3	4	3	3
1645	2	1	1	.	.	.	1	2	3	3	1	4	2	1	3	3
1646	1	1	2	2	0	0	1	2	1	3	2	4	1	2	3	3
1647	3	2	.	1	2	0	2	3	2	1	2	2	2	3	2	2
1648	1	3	2	.	.	.	1	2	.	1	2	2	1	1	2	3
1649	3	2	2	.	.	.	2	3	2	2	2	3	2	2	2	1
1650	1	0	2	1	.	.	1	0	0	2	2	1	2	1	2	3
1651	0	0	3	2	.	.	1	2	3	1	1	2	3	3	1	3
1652	1	.	3	.	0	.	1	3	.	2	1	3	2	2	4	2
1653	2	0	2	1	0	.	3	2	.	3	2	2	2	3	3	3
1654	.	.	1	1	.	.	1	1	2	2	.	3	2	1	1	3
1655	3	1	2	2	.	.	1	2	1	3	2	2	3	1	3	3
1656	2	0	3	1	.	.	2	2	1	2	2	2	2	2	3	2
1657	0	0	3	2	.	0	1	2	0	0	1	2	2	2	2	3
1658	2	0	3	.	0	.	1	2	1	2	2	1	1	2	4	4
1659	4	.	3	.	.	1	2	2	.	0	2	.	2	2	4	2
1660	0	4	3	2	1	.	1	1	0	2	2	4	1	2	1	3
1661	1	0	2	2	0	0	1	1	3	1	2	2	2	2	2	2
1662	2	1	1	.	1	2	2	2	1	2	2	2	3	2	3	1
1663	1	1	3	1	1	2	2	2	3	2	3	3	.	4	3	3
1664	.	0	3	.	1	.	1	2	0	2	0	3	.	3	3	3
1665	1	0	2	1	1	0	0	1	1	1	1	2	2	2	3	3
1666	3	1	3	.	0	.	2	2	1	2	3	2	2	2	3	3
1667	2	1	2	2	.	1	1	2	.	1	1	2	2	3	2	3
1668	3	.	3	1	.	.	2	2	.	1	2	4	2	2	3	2
1669	.	3	3	.	1	.	2	2	0	2	2	2	2	2	2	3
1670	1	0	2	1	1	1	2	1	0	2	2	1	2	2	1	3
1671	.	.	.	1	0	.	.	.	0	3	2	.	.	.	.	.
1672	1	3	3	1	.	.	0	1	2	1	2	2	2	2	2	2
1673	4	3	0	2	0	.	3	0	3	3	0	2	0	0	3	2
1674	2	0	3	1	.	.	2	2	0	2	2	2	3	2	2	2
1675	1	3	2	1	0	0	3	1	2	1	2	0	3	2	2	3
1676	3	0	2	1	.	.	2	0	0	2	2	2	3	2	3	3
1677	0	0	2	1	.	0	3	4	3	3	4	2	2	3	3	4
1678	2	2	3	1	1	0	2	2	3	3	3	3	3	3	3	3
1679	3	1	3	.	.	.	1	2	1	3	4	2	2	2	3	3
1680	2	0	0	.	0	.	2	1	0	2	1	1	3	2	2	0
1681	1	0	2	.	.	.	0	1	0	1	3	2	2	1	1	3
1682	1	1	2	0	.	0	1	0	0	2	.	3	0	2	2	2
1683	1	0	1	1	0	1	.	0	.	.	.	.	.	.	.	3
1684	2	1	3	0	0	1	2	0	0	2	2	3	1	2	3	2
1685	3	3	0	1	0	.	3	.	.	2	.	2	.	1	2	1
1686	0	0	2	1	1	1	1	1	0	1	0	1	1	0	2	3
1687	3	0	3	1	0	0	1	2	1	2	1	4	2	2	4	3
1688	2	3	4	0	.	2	2	3	3	3	2	3	4	3	3	4
1689	1	0	3	0	0	0	1	1	0	1	1	2	1	1	0	3
1690	4	1	3	1	0	0	1	2	1	3	2	3	2	2	4	3
1691	2	1	3	0	0	0	2	2	1	3	2	2	2	2	2	2
1692	3	1	2	1	0	1	1	1	1	2	2	2	2	1	3	2
1693	2	0	1	.	0	0	2	0	1	3	1	1	0	0	1	3
1694	.	2	2	1	.	.	2	2	3	.	.	2	2	2	.	3
1695	0	0	3	1	0	0	2	2	1	3	0	2	3	2	3	1
1696	3	0	2	1	0	.	0	1	0	2	1	2	2	2	2	3
1697	.	2	.	2	.	.	4	4	3	4	4	3	3	3	4	0
1698	1	2	1	1	.	.	1	1	2	2	1	2	2	1	3	2
1699	0	0	0	1	0	.	2	1	1	3	0	2	2	4	2	1
1700	2	0	2	1	1	.	1	1	0	3	0	0	2	1	1	3
1701	0	0	3	.	1	.	2	.	1	0	0	1	1	2	0	2
1702	3	3	3	2	2	1	2	3	.	2	1	3	1	2	3	2
1703	.	.	0	.	.	.	.	.	.	4	.	.	.	.	.	.
1704	2	1	2	1	0	.	2	3	2	2	3	4	2	3	3	3
1705	3	2	2	1	2	2	.	1	0	4	4	3	4	4	2	3
1706	0	0	1	2	0	2	1	1	1	2	2	2	2	2	2	3
1707	0	0	3	.	0	.	1	2	0	3	0	0	0	0	3	3
1708	.	0	4	0	0	.	2	2	3	4	.	2	.	1	3	2
1709	4	2	2	0	0	0	2	1	.	2	2	1	2	1	3	2
1710	2	2	3	1	.	1	2	0	.	2	2	0	2	3	2	0
1711	2	2	.	.	.	.	2	.	.	.	.	.	.	.	.	.
1712	3	0	2	2	0	.	1	2	1	2	2	3	3	3	1	3
1713	2	2	2	0	0	.	2	2	1	2	2	2	2	.	2	2
1714	3	3	3	.	.	1	2	2	0	2	.	3	2	3	2	3
1715	.	.	.	1	.	.	2	.	.	.	.	4	.	.	.	1
1716	4	4	.	.	.	.	3	2	.	4	4	.	.	.	.	2
1717	0	1	1	.	0	0	1	1	1	1	0	2	0	1	2	3
1718	.	.	.	1	.	.	2	.	.	4	4	4	0	4	4	0
1719	.	.	.	.	.	.	.	.	.	.	.	.	.	.	.	.
1720	.	.	.	.	.	.	.	.	.	.	.	.	.	.	.	.
1721	2	4	3	1	.	0	2	2	0	.	.	.	.	.	.	2
1722	0	0	2	0	0	0	1	1	.	.	.	.	.	.	.	2
1723	1	0	1	.	.	.	.	.	.	.	.	.	.	.	.	.
1724	.	.	.	.	.	.	0	0	0	0	0	.	.	.	.	4
1725	1	4	0	.	0	0	2	2	0	1	2	2	2	3	3	4
1726	3	3	3	2	1	1	3	3	2	2	3	3	2	3	3	4
1727	0	0	1	1	0	0	0	0	1	2	0	0	0	0	0	3
1728	3	1	2	.	0	.	1	0	0	1	1	1	1	3	2	3
1729	3	3	0	.	0	0	3	3	0	.	.	0	.	.	.	3
1730	3	2	3	.	.	2	2	2	2	1	3	4	3	3	4	3
1731	4	2	2	1	2	2	4	4	2	4	2	4	3	4	3	2
1732	3	2	2	1	.	.	2	4	1	1	2	3	2	2	3	2
1733	3	4	0	1	.	.	0	3	0	4	2	4	4	3	4	4
1734	1	0	2	1	.	.	3	2	2	1	1	3	2	3	3	2
1735	.	0	2	.	0	.	2	1	3	0	.	2	0	1	1	3
1736	.	.	1	.	.	.	1	2	.	0	.	2	1	2	2	2
1737	1	0	0	1	0	0	3	2	0	0	0	2	2	1	4	2
1738	1	0	1	1	0	1	1	1	0	2	1	3	0	0	1	4
1739	1	0	0	1	.	0	2	1	.	1	0	2	1	1	1	3
1740	1	4	2	1	0	0	1	0	0	2	1	0	1	0	1	4
1741	0	0	1	1	0	0	2	1	1	2	0	.	1	1	3	3
1742	0	0	1	1	0	0	1	0	1	3	0	1	1	2	0	3
1743	1	0	1	0	0	.	1	0	1	1	0	2	0	2	2	2
1744	0	2	0	1	0	0	0	0	0	1	0	1	0	0	0	4
1745	.	.	.	0	.	.	.	1	0	.	.	.	.	.	.	1
1746	.	1	0	0	.	.	1	1	0	2	0	2	0	2	2	3
1747	0	0	0	0	0	.	1	1	0	1	1	1	1	1	0	2
1748	1	0	1	.	.	.	2	2	2	2	2	2	2	2	2	2
1749	4	2	4	2	2	.	.	4	3	4	.	4	.	.	4	.
1750	0	0	1	1	0	.	2	0	0	2	0	2	2	2	3	2
1751	1	1	3	1	0	1	2	1	1	1	2	4	1	2	1	2
1752	0	4	1	2	0	0	2	1	0	0	0	0	0	0	0	1
1753	2	3	1	1	1	.	2	1	1	2	1	2	2	2	2	3
1754	0	0	0	1	0	0	2	1	1	2	0	0	0	0	2	4
1755	1	2	3	.	0	.	2	2	2	2	1	2	4	3	3	3
1756	0	0	0	0	0	.	0	0	0	3	1	1	2	2	1	2
1757	0	3	0	1	0	.	2	2	1	1	0	2	3	2	1	3
1758	4	4	0	2	.	.	.	.	3	4	2	1	.	.	4	.
1759	3	1	1	2	0	.	1	1	0	2	1	1	0	0	1	3
1760	2	3	2	0	2	1	1	3	1	3	.	2	1	1	3	2
1761	1	3	2	0	0	.	2	2	3	2	2	4	0	3	4	4
1762	1	0	1	2	0	0	2	0	0	2	2	2	1	1	4	4
1763	0	0	0	.	0	0	1	0	0	2	2	0	0	0	4	3
1764	2	3	2	2	0	1	2	3	3	3	2	2	2	2	2	1
1765	2	1	2	1	1	.	1	0	.	3	.	1	.	1	.	1
1766	3	3	3	0	1	1	3	3	2	2	3	3	2	3	3	2
1767	2	3	0	2	.	.	0	1	.	0	2	1	1	1	3	2
1768	3	2	2	2	1	1	2	3	2	2	2	3	2	2	3	3
1769	4	4	4	2	1	2	3	4	1	4	4	4	4	4	4	2
1770	2	.	2	1	.	.	2	3	2	3	1	3	3	3	2	1
1771	3	4	3	1	.	1	1	3	.	3	.	.	.	.	.	3
1772	3	2	3	2	0	0	2	2	2	2	2	2	2	3	3	2
1773	2	1	3	1	1	1	4	2	0	3	3	3	3	2	4	2
1774	2	3	2	1	0	0	2	1	0	3	2	0	3	3	4	3
1775	3	3	3	2	2	2	3	3	3	3	3	3	3	3	3	3
1776	2	2	2	0	1	1	2	2	0	3	2	2	2	2	2	2
1777	3	0	4	0	0	0	2	2	1	3	0	3	3	3	3	3
1778	3	3	3	1	1	1	2	3	2	3	3	3	3	3	3	2
1779	3	2	3	1	0	0	2	3	1	3	2	2	3	2	2	2
1780	2	2	2	1	1	1	2	2	0	2	2	2	2	2	2	2
1781	.	.	.	.	.	.	.	.	.	.	.	.	.	.	.	.
1782	3	2	3	.	.	.	3	2	1	3	2	3	3	2	3	2
1783	4	1	3	.	.	0	0	0	1	2	2	3	1	1	0	3
1784	2	2	2	1	1	1	2	2	2	2	2	2	2	2	2	2
1785	.	.	.	.	.	.	.	.	.	.	.	.	.	.	.	.
1786	.	2	0	0	0	0	0	0	0	0	0	0	0	0	2	4
1787	1	1	1	0	.	0	1	1	0	2	2	1	1	1	1	1
1788	4	2	4	1	1	.	3	2	2	2	3	3	2	2	3	2
1789	4	2	3	1	0	.	2	3	2	4	4	4	4	4	4	2
1790	2	2	3	2	1	.	2	2	.	0	.	2	.	.	.	2
1791	4	0	2	0	0	.	1	1	1	3	4	2	2	1	2	2
1792	2	2	3	1	1	.	3	3	3	3	.	4	2	2	3	2
1793	4	4	3	2	2	2	4	4	3	4	4	4	3	3	3	4
1794	0	0	2	0	0	1	0	1	0	2	1	2	2	2	2	4
1795	3	2	1	2	0	2	.	4	1	3	3	1	4	2	1	3
1796	0	0	0	0	0	.	1	0	0	2	4	0	0	0	4	4
1797	3	3	3	1	0	0	2	2	2	4	0	1	2	2	2	2
1798	4	.	2	1	.	.	.	2	2	4	3	3	3	3	3	3
1799	2	0	1	0	0	0	2	1	0	3	0	1	0	1	2	3
1800	4	4	0	1	.	.	4	4	2	3	4	0	2	2	2	4
1801	4	3	4	1	0	0	1	2	0	4	3	3	2	2	2	2
1802	0	0	0	0	0	0	0	0	0	0	0	0	0	0	0	0
1803	3	2	3	1	1	0	3	2	1	4	3	4	2	3	3	3
1804	4	4	4	2	2	2	2	3	3	4	4	3	3	3	4	2
1805	4	4	3	1	0	0	0	0	0	3	0	1	.	.	.	4
1806	2	2	2	1	0	1	1	0	1	4	2	.	4	2	3	3
1807	.	.	4	2	.	0	.	.	.	.	.	.	.	.	.	.
1808	3	2	3	1	1	.	2	2	.	3	3	2	2	3	.	3
1809	4	2	4	1	0	2	1	3	2	2	4	4	4	4	3	2
1810	4	0	2	1	0	.	1	2	0	3	1	2	1	1	1	2
1811	4	3	4	2	.	0	3	2	2	3	3	3	3	3	4	3
1812	3	2	1	0	0	.	1	3	1	2	1	3	1	3	2	1
1813	2	2	0	2	1	.	4	0	3	1	3	0	1	0	4	0
1814	4	4	3	1	0	0	1	0	1	3	3	1	1	1	4	3
1815	3	2	4	2	2	.	3	2	3	3	3	4	3	3	4	3
1816	3	0	3	1	.	.	2	3	3	3	3	3	3	3	3	2
1817	4	2	2	1	0	2	3	4	0	3	3	1	2	2	3	1
1818	2	0	3	.	.	.	3	0	.	3	.	.	0	.	.	2
1819	1	1	0	0	0	0	0	0	0	2	0	0	0	0	0	2
1820	3	0	2	1	0	.	1	2	.	2	.	3	1	2	2	2
1821	2	2	3	0	.	1	3	2	1	3	3	4	3	4	3	3
1822	3	0	4	0	0	0	1	2	0	4	1	2	2	2	4	4
1823	3	2	2	1	0	.	2	3	2	3	2	3	3	3	4	3
1824	2	2	2	1	1	2	2	2	1	1	2	2	2	2	2	2
1825	3	0	1	0	.	.	3	2	0	4	2	3	2	2	3	4
1826	1	2	3	.	0	.	3	3	3	4	3	1	3	2	2	3
1827	2	0	3	1	1	1	1	0	2	4	3	0	2	1	3	2
1828	0	2	0	1	0	0	0	1	0	4	0	0	2	0	4	3
1829	0	1	2	1	0	0	0	0	1	2	0	0	0	0	2	2
1830	2	4	2	2	1	2	0	2	.	4	4	.	3	2	3	4
1831	.	.	.	0	0	.	.	.	0	.	.	.	.	.	.	.
1832	4	0	2	0	0	.	1	2	0	3	0	2	0	1	0	2
1833	.	0	1	1	.	.	.	.	.	4	2	3	4	3	4	.
1834	2	2	2	.	0	.	0	2	3	2	4	0	.	.	.	4
1835	2	2	2	1	0	1	3	3	1	4	3	3	2	2	3	3
1836	4	3	2	1	.	2	2	3	2	4	4	4	2	2	2	2
1837	1	2	1	0	0	.	2	1	0	4	2	1	2	2	3	2
1838	.	.	.	.	.	.	.	.	.	.	.	.	.	.	.	.
1839	0	0	2	1	.	1	1	0	0	3	1	1	2	0	2	2
1840	3	0	2	0	0	0	2	1	1	3	2	1	1	1	3	2
1841	4	4	4	1	1	1	2	2	0	0	0	0	2	2	2	2
1842	2	2	.	1	1	1	3	3	3	4	0	2	2	2	2	3
1843	3	.	1	1	1	1	0	0	3	.	.	1	.	.	.	1
1844	3	1	3	1	1	.	2	2	2	4	3	2	2	1	2	3
1845	2	1	1	1	0	0	1	1	1	.	.	3	3	3	3	1
1846	4	2	2	1	0	0	2	2	0	4	3	2	1	1	4	1
1847	1	2	.	0	0	.	1	0	1	2	1	.	2	3	1	2
1848	3	0	3	1	.	.	1	3	1	4	3	2	3	2	1	3
1849	4	1	2	0	.	2	1	3	0	.	.	2	2	2	4	2
1850	4	3	2	.	.	.	3	3	2	4	3	3	2	2	.	2
1851	2	1	1	1	1	1	2	2	0	4	4	2	.	.	.	2
1852	3	1	2	0	0	1	1	2	1	3	.	1	2	.	3	2
1853	4	2	2	1	0	.	1	0	0	2	1	2	1	2	.	2
1854	3	0	2	0	1	0	0	0	2	1	2	0	2	2	0	0
1855	4	0	3	1	.	2	2	2	0	4	.	1	2	0	2	3
1856	2	2	3	1	.	.	1	3	.	2	3	3	2	2	4	1
1857	.	.	.	1	0	.	3	.	.	.	.	1	2	2	2	2
1858	4	4	4	2	2	2	4	4	3	4	4	4	4	4	4	4
1859	0	0	3	1	0	2	3	4	2	4	0	4	3	4	4	3
1860	4	0	4	1	.	.	2	2	0	1	4	3	2	1	4	2
1861	1	1	2	0	0	.	2	2	2	2	3	2	.	2	2	2
1862	4	3	2	1	.	2	2	2	1	2	3	2	2	3	4	2
1863	.	.	3	2	2	2	2	2	2	3	.	0	4	4	4	2
1864	2	3	2	1	.	.	2	1	.	4	3	2	2	2	2	2
1865	3	2	2	1	.	.	2	3	1	.	.	2	2	2	2	2
1866	0	0	1	0	0	0	1	1	0	2	1	2	1	1	1	2
1867	4	3	2	2	1	1	3	4	3	4	4	3	4	3	2	2
1868	3	1	2	2	1	0	.	.	.	.	.	.	.	.	.	.
1869	3	3	3	0	.	.	2	1	2	2	1	2	2	2	3	1
1870	2	2	4	.	2	2	.	4	3	2	4	3	4	4	4	1
